1022 6 27 391 300 70737 3 18 12 -999 66 1
1022 12 27 361 596 70737 3 24 12 -999 66 1
1022 16 28 288 845 70737 3 28 12 -999 66 1
1022 27 29 378 774 70737 3 39 12 -999 66 1
1022 33 29 197 868 70737 3 45 12 -999 66 1
1022 46 30 39 362 70737 3 58 12 -999 66 1
1049 4 33 719 539 71111 2 30 26 111 127 1
1049 9 33 726 863 71111 2 35 26 111 127 1
1049 15 34 496 552 71111 2 41 26 111 127 1
1049 21 34 364 684 71111 2 47 26 111 127 1
1049 27 35 371 849 71111 2 53 26 111 127 1
1049 32 35 281 664 71111 2 58 26 111 127 1
1049 39 36 161 338 71111 2 65 26 111 127 1
1049 45 36 248 598 71111 2 71 26 111 127 1
1120 6 44 1293 845 431 -999 47 41 -999 136 0
1120 9 45 996 851 431 -999 50 41 -999 136 0
1120 13 45 1058 834 431 -999 54 41 -999 136 0
1120 21 46 1552 1299 431 -999 62 41 -999 136 0
1120 26 46 1210 805 431 -999 67 41 -999 136 0
1120 33 47 1007 646 431 -999 74 41 -999 136 0
1120 38 47 1162 1162 431 -999 79 41 -999 136 0
1120 44 48 1122 1072 431 -999 85 41 -999 136 0
1164 2 31 678 775 -999 -999 54 52 -999 136 0
1164 10 32 749 946 -999 -999 62 52 -999 136 0
1164 16 32 393 1009 -999 -999 68 52 -999 136 0
1164 22 33 561 947 -999 -999 74 52 -999 136 0
1214 6 26 847 554 38275 2 18 12 115 107 1
1214 13 27 829 497 38275 2 25 12 115 107 1
1214 19 27 702 589 38275 2 31 12 115 107 1
1214 25 28 742 816 38275 2 37 12 115 107 1
1214 31 28 692 1077 38275 2 43 12 115 107 1
1214 37 29 500 923 38275 2 49 12 115 107 1
1214 40 29 869 415 38275 2 52 12 115 107 1
1214 46 29 615 1072 38275 2 58 12 115 107 1
1235 6 52 385 574 524756 2 26 20 70 84 1
1235 12 52 383 570 524756 2 32 20 70 84 1
1235 18 53 216 922 524756 2 38 20 70 84 1
1235 24 53 224 1255 524756 2 44 20 70 84 1
1235 30 54 142 662 524756 2 50 20 70 84 1
1235 33 54 173 549 524756 2 53 20 70 84 1
1235 40 54 26 326 524756 2 60 20 70 84 1
1235 46 55 31 366 524756 2 66 20 70 84 1
1259 7 37 945 1181 90390 2 79 72 -999 133 0
1259 14 38 561 683 90390 2 86 72 -999 133 0
1259 19 38 836 967 90390 2 91 72 -999 133 0
1259 36 39 383 661 90390 2 108 72 -999 133 0
1259 44 40 132 730 90390 2 116 72 -999 133 0
1259 48 40 165 980 90390 2 120 72 -999 133 0
1290 5 39 560 507 -999 -999 67 62 -999 138 0
1290 11 40 588 622 -999 -999 73 62 -999 138 0
1290 16 40 447 540 -999 -999 78 62 -999 138 0
1290 22 40 492 285 -999 -999 84 62 -999 138 0
1290 28 41 366 611 -999 -999 90 62 -999 138 0
1290 35 42 513 684 -999 -999 97 62 -999 138 0
1290 40 42 512 752 -999 -999 102 62 -999 138 0
1290 46 42 470 794 -999 -999 108 62 -999 138 0
1308 6 31 1164 1517 -999 1 23 17 -999 135 0
1308 12 32 -999 -999 -999 1 29 17 -999 135 0
1308 19 32 1085 926 -999 1 36 17 -999 135 0
1308 25 33 1440 971 -999 1 42 17 -999 135 0
1308 31 33 1521 2173 -999 1 48 17 -999 135 0
1308 37 34 792 1238 -999 1 54 17 -999 135 0
1308 44 35 1038 1384 -999 1 61 17 -999 135 0
1350 6 26 1075 877 18189 -999 81 75 -999 136 0
1350 12 27 806 737 18189 -999 87 75 -999 136 0
1350 18 27 854 909 18189 -999 93 75 -999 136 0
1350 24 28 742 694 18189 -999 99 75 -999 136 0
1350 30 28 789 637 18189 -999 105 75 -999 136 0
1350 36 29 918 829 18189 -999 111 75 -999 136 0
1350 43 29 521 454 18189 -999 118 75 -999 136 0
1378 6 31 779 89 -999 2 39 33 97 116 0
1378 12 31 575 705 -999 2 45 33 97 116 0
1378 17 32 384 1056 -999 2 50 33 97 116 0
1378 23 32 351 1404 -999 2 56 33 97 116 0
1378 30 33 187 992 -999 2 63 33 97 116 0
1378 33 33 163 833 -999 2 66 33 97 116 0
1378 40 34 229 1068 -999 2 73 33 97 116 0
1378 45 34 119 1071 -999 2 78 33 97 116 0
1397 6 28 672 889 32629 2 26 20 99 110 1
1397 12 28 359 832 32629 2 32 20 99 110 1
1397 19 29 660 1211 32629 2 39 20 99 110 1
1397 25 29 257 1492 32629 2 45 20 99 110 1
1397 31 30 383 1331 32629 2 51 20 99 110 1
1397 37 30 446 1124 32629 2 57 20 99 110 1
1397 40 30 246 1304 32629 2 60 20 99 110 1
1397 48 31 315 1189 32629 2 68 20 99 110 1
1465 7 26 576 1382 -999 -999 73 66 -999 137 0
1465 14 26 423 695 -999 -999 80 66 -999 137 0
1465 19 27 415 845 -999 -999 85 66 -999 137 0
1465 24 27 420 1341 -999 -999 90 66 -999 137 0
1465 33 28 203 628 -999 -999 99 66 -999 137 0
1465 43 29 279 747 -999 -999 109 66 -999 137 0
1490 6 21 876 691 93240 2 20 14 128 136 0
1490 12 22 804 1156 93240 2 26 14 128 136 0
1490 21 22 694 694 93240 2 35 14 128 136 0
1490 27 23 852 894 93240 2 41 14 128 136 0
1490 43 24 564 1340 93240 2 57 14 128 136 0
1490 48 25 402 951 93240 2 62 14 128 136 0
1505 6 30 178 83 31152 2 17 11 80 84 1
1505 12 30 727 463 31152 2 23 11 80 84 1
1505 18 31 539 643 31152 2 29 11 80 84 1
1505 24 31 892 587 31152 2 35 11 80 84 1
1505 30 32 756 420 31152 2 41 11 80 84 1
1505 36 32 649 631 31152 2 47 11 80 84 1
1505 42 33 428 478 31152 2 53 11 80 84 1
1631 6 43 1010 681 -999 1 53 47 -999 136 0
1631 12 43 964 807 -999 1 59 47 -999 136 0
1631 18 44 1029 742 -999 1 65 47 -999 136 0
1631 24 44 1000 667 -999 1 71 47 -999 136 0
1631 30 45 850 434 -999 1 77 47 -999 136 0
1631 36 45 1373 739 -999 1 83 47 -999 136 0
1631 42 46 1596 766 -999 1 89 47 -999 136 0
1631 48 46 1070 524 -999 1 95 47 -999 136 0
1633 1 33 564 982 -999 2 68 67 -999 132 1
1633 4 33 529 1118 -999 2 71 67 -999 132 1
1633 9 34 563 1445 -999 2 76 67 -999 132 1
1633 15 34 571 1539 -999 2 82 67 -999 132 1
1633 21 35 490 1308 -999 2 88 67 -999 132 1
1633 27 35 491 1277 -999 2 94 67 -999 132 1
1633 33 36 477 1512 -999 2 100 67 -999 132 1
1633 39 36 290 1155 -999 2 106 67 -999 132 1
1633 45 37 184 1218 -999 2 112 67 -999 132 1
1747 9 26 575 497 -999 2 75 66 103 116 1
1747 21 27 436 471 -999 2 87 66 103 116 1
1747 27 27 348 516 -999 2 93 66 103 116 1
1747 33 28 135 306 -999 2 99 66 103 116 1
1747 45 29 125 274 -999 2 111 66 103 116 1
1752 6 38 609 1197 142595 -999 18 12 -999 136 0
1752 11 38 573 1016 142595 -999 23 12 -999 136 0
1752 17 39 316 853 142595 -999 29 12 -999 136 0
1752 23 39 754 1536 142595 -999 35 12 -999 136 0
1752 29 40 654 1150 142595 -999 41 12 -999 136 0
1752 36 40 855 1511 142595 -999 48 12 -999 136 0
1752 42 41 453 1622 142595 -999 54 12 -999 136 0
1752 48 41 432 1560 142595 -999 60 12 -999 136 0
1755 6 31 582 1040 143611 -999 71 65 -999 140 0
1755 12 32 435 670 143611 -999 77 65 -999 140 0
1755 19 32 669 630 143611 -999 84 65 -999 140 0
1755 25 33 464 781 143611 -999 90 65 -999 140 0
1755 32 34 720 912 143611 -999 97 65 -999 140 0
1755 38 34 512 829 143611 -999 103 65 -999 140 0
1755 44 35 561 1026 143611 -999 109 65 -999 140 0
1790 1 42 473 571 -999 2 68 67 -999 129 0
1790 3 42 433 816 -999 2 70 67 -999 129 0
1790 26 44 212 1140 -999 2 93 67 -999 129 0
1790 31 45 172 1063 -999 2 98 67 -999 129 0
1790 38 45 98 1102 -999 2 105 67 -999 129 0
1790 44 46 51 759 -999 2 111 67 -999 129 0
1825 10 24 405 600 39696 3 40 30 -999 113 1
1825 14 24 415 928 39696 3 44 30 -999 113 1
1825 20 25 299 733 39696 3 50 30 -999 113 1
1825 44 27 353 941 39696 3 74 30 -999 113 1
1829 7 30 371 597 61544 2 31 24 99 95 1
1829 14 31 424 570 61544 2 38 24 99 95 1
1829 20 31 425 562 61544 2 44 24 99 95 1
1829 26 32 314 742 61544 2 50 24 99 95 1
1829 32 32 149 780 61544 2 56 24 99 95 1
1829 38 33 -999 -999 61544 2 62 24 99 95 1
1829 44 33 175 674 61544 2 68 24 99 95 1
1831 6 41 546 795 53421 2 55 49 115 99 0
1831 12 42 617 806 53421 2 61 49 115 99 0
1831 19 42 698 698 53421 2 68 49 115 99 0
1831 25 43 604 1185 53421 2 74 49 115 99 0
1831 31 43 431 830 53421 2 80 49 115 99 0
1831 37 44 440 879 53421 2 86 49 115 99 0
1831 44 44 701 2137 53421 2 93 49 115 99 0
1857 6 36 538 568 39755 -999 28 22 -999 136 0
1857 12 36 811 631 39755 -999 34 22 -999 136 0
1857 18 37 592 734 39755 -999 40 22 -999 136 0
1857 24 37 568 568 39755 -999 46 22 -999 136 0
1857 30 38 384 1079 39755 -999 52 22 -999 136 0
1857 36 38 431 1129 39755 -999 58 22 -999 136 0
1857 42 39 544 1269 39755 -999 64 22 -999 136 0
1857 48 39 677 627 39755 -999 70 22 -999 136 0
1920 4 24 755 1085 -999 2 54 50 -999 106 0
1920 11 25 701 1236 -999 2 61 50 -999 106 0
1920 17 25 37 65 -999 2 67 50 -999 106 0
1920 23 26 470 941 -999 2 73 50 -999 106 0
1920 29 26 693 1185 -999 2 79 50 -999 106 0
1920 36 27 484 1045 -999 2 86 50 -999 106 0
1920 41 27 340 1296 -999 2 91 50 -999 106 0
1959 5 31 411 790 -999 2 67 62 141 138 0
1959 10 31 756 1512 -999 2 72 62 141 138 0
1959 16 32 738 955 -999 2 78 62 141 138 0
1959 22 32 743 1354 -999 2 84 62 141 138 0
1959 29 33 454 1276 -999 2 91 62 141 138 0
1959 35 34 78 827 -999 2 97 62 141 138 0
1959 41 34 68 1508 -999 2 103 62 141 138 0
1959 47 35 82 1258 -999 2 109 62 141 138 0
1962 1 24 675 590 -999 -999 69 68 -999 129 0
1962 4 24 764 868 -999 -999 72 68 -999 129 0
1962 12 25 763 595 -999 -999 80 68 -999 129 0
1962 19 26 672 986 -999 -999 87 68 -999 129 0
1962 24 26 649 684 -999 -999 92 68 -999 129 0
1962 34 27 328 1143 -999 -999 102 68 -999 129 0
1962 40 27 460 1536 -999 -999 108 68 -999 129 0
1962 46 28 378 1312 -999 -999 114 68 -999 129 0
2031 5 31 533 544 44633 2 23 18 100 104 1
2031 11 32 513 617 44633 2 29 18 100 104 1
2031 17 32 764 688 44633 2 35 18 100 104 1
2031 23 33 869 871 44633 2 41 18 100 104 1
2031 38 34 369 560 44633 2 56 18 100 104 1
2074 6 40 605 637 27954 2 33 27 98 131 1
2074 11 41 756 643 27954 2 38 27 98 131 1
2074 17 41 585 476 27954 2 44 27 98 131 1
2074 22 42 616 632 27954 2 49 27 98 131 1
2074 28 42 513 591 27954 2 55 27 98 131 1
2074 36 43 491 546 27954 2 63 27 98 131 1
2074 41 43 509 605 27954 2 68 27 98 131 1
2074 46 44 662 775 27954 2 73 27 98 131 1
2109 6 36 676 950 39765 1 74 68 -999 134 0
2109 12 36 632 979 39765 1 80 68 -999 134 0
2109 18 37 689 935 39765 1 86 68 -999 134 0
2109 24 37 506 686 39765 1 92 68 -999 134 0
2109 30 38 679 936 39765 1 98 68 -999 134 0
2109 36 38 725 950 39765 1 104 68 -999 134 0
2109 42 39 734 1166 39765 1 110 68 -999 134 0
2109 48 39 548 1012 39765 1 116 68 -999 134 0
2114 6 39 536 863 15948 2 25 19 89 112 1
2114 12 39 535 755 15948 2 31 19 89 112 1
2114 19 40 333 1096 15948 2 38 19 89 112 1
2114 25 40 542 977 15948 2 44 19 89 112 1
2114 30 41 125 758 15948 2 49 19 89 112 1
2114 35 41 284 1333 15948 2 54 19 89 112 1
2114 40 41 153 787 15948 2 59 19 89 112 1
2114 45 42 258 2366 15948 2 64 19 89 112 1
2116 7 34 567 931 51868 3 24 17 -999 105 1
2116 13 35 309 683 51868 3 30 17 -999 105 1
2116 22 36 448 997 51868 3 39 17 -999 105 1
2116 25 36 403 730 51868 3 42 17 -999 105 1
2141 3 21 749 511 -999 -999 75 72 -999 138 0
2141 9 21 622 485 -999 -999 81 72 -999 138 0
2141 15 22 481 431 -999 -999 87 72 -999 138 0
2141 21 22 743 574 -999 -999 93 72 -999 138 0
2141 27 23 611 451 -999 -999 99 72 -999 138 0
2141 33 23 523 696 -999 -999 105 72 -999 138 0
2141 39 24 435 525 -999 -999 111 72 -999 138 0
2141 44 24 697 822 -999 -999 116 72 -999 138 0
2185 12 25 821 758 18845 -999 58 46 -999 138 0
2185 14 25 851 1109 18845 -999 60 46 -999 138 0
2185 20 26 632 892 18845 -999 66 46 -999 138 0
2185 26 26 448 448 18845 -999 72 46 -999 138 0
2185 33 27 752 1078 18845 -999 79 46 -999 138 0
2185 39 28 830 830 18845 -999 85 46 -999 138 0
2185 45 28 1055 1082 18845 -999 91 46 -999 138 0
2187 5 42 558 670 213446 2 49 44 111 132 0
2187 10 42 518 599 213446 2 54 44 111 132 0
2187 16 42 572 676 213446 2 60 44 111 132 0
2187 22 43 361 788 213446 2 66 44 111 132 0
2187 28 43 317 663 213446 2 72 44 111 132 0
2187 34 44 298 700 213446 2 78 44 111 132 0
2187 40 44 334 968 213446 2 84 44 111 132 0
2187 46 45 335 1494 213446 2 90 44 111 132 0
2196 6 27 768 1056 57261 2 25 19 79 76 1
2196 11 27 899 1258 57261 2 30 19 79 76 1
2196 19 28 449 834 57261 2 38 19 79 76 1
2196 27 28 240 799 57261 2 46 19 79 76 1
2196 33 29 347 1061 57261 2 52 19 79 76 1
2240 7 40 511 1041 42015 2 53 46 128 136 1
2240 13 40 464 1094 42015 2 59 46 128 136 1
2240 19 41 422 941 42015 2 65 46 128 136 1
2240 25 41 588 924 42015 2 71 46 128 136 1
2240 32 42 446 1077 42015 2 78 46 128 136 1
2265 6 32 819 659 -999 -999 55 49 -999 135 0
2265 12 33 589 703 -999 -999 61 49 -999 135 0
2265 17 33 659 872 -999 -999 66 49 -999 135 0
2265 24 34 810 522 -999 -999 73 49 -999 135 0
2265 29 34 787 1128 -999 -999 78 49 -999 135 0
2265 36 35 760 720 -999 -999 85 49 -999 135 0
2265 42 35 819 889 -999 -999 91 49 -999 135 0
2265 48 36 631 705 -999 -999 97 49 -999 135 0
2278 8 25 946 506 41796 2 31 23 122 136 0
2278 13 25 765 392 41796 2 36 23 122 136 0
2278 29 27 650 272 41796 2 52 23 122 136 0
2278 36 27 432 403 41796 2 59 23 122 136 0
2278 45 28 848 403 41796 2 68 23 122 136 0
2285 6 39 677 561 16238 -999 26 20 -999 137 0
2285 15 39 874 966 16238 -999 35 20 -999 137 0
2285 22 40 908 718 16238 -999 42 20 -999 137 0
2285 27 40 538 773 16238 -999 47 20 -999 137 0
2285 34 41 546 638 16238 -999 54 20 -999 137 0
2285 38 41 294 468 16238 -999 58 20 -999 137 0
2285 45 42 546 1201 16238 -999 65 20 -999 137 0
2298 1 26 829 808 -999 -999 73 72 -999 140 0
2298 7 26 883 818 -999 -999 79 72 -999 140 0
2298 14 27 683 562 -999 -999 86 72 -999 140 0
2298 20 27 769 845 -999 -999 92 72 -999 140 0
2298 26 28 610 844 -999 -999 98 72 -999 140 0
2298 33 28 435 405 -999 -999 105 72 -999 140 0
2298 39 29 463 389 -999 -999 111 72 -999 140 0
2298 46 29 298 378 -999 -999 118 72 -999 140 0
2334 6 27 448 642 57375 -999 58 52 -999 137 0
2334 14 28 406 459 57375 -999 66 52 -999 137 0
2334 20 28 317 524 57375 -999 72 52 -999 137 0
2334 26 29 510 454 57375 -999 78 52 -999 137 0
2334 32 29 392 447 57375 -999 84 52 -999 137 0
2334 38 30 562 505 57375 -999 90 52 -999 137 0
2334 44 30 317 491 57375 -999 96 52 -999 137 0
2385 6 27 826 929 85329 2 19 13 82 87 1
2385 12 28 623 1046 85329 2 25 13 82 87 1
2385 17 28 477 936 85329 2 30 13 82 87 1
2385 23 28 578 956 85329 2 36 13 82 87 1
2385 29 29 880 807 85329 2 42 13 82 87 1
2385 35 29 747 1285 85329 2 48 13 82 87 1
2385 43 30 497 1515 85329 2 56 13 82 87 1
2385 48 31 515 1008 85329 2 61 13 82 87 1
2445 6 28 687 901 7393 2 68 62 123 140 0
2445 12 29 636 1200 7393 2 74 62 123 140 0
2445 18 29 270 784 7393 2 80 62 123 140 0
2445 25 30 166 935 7393 2 87 62 123 140 0
2445 30 30 163 876 7393 2 92 62 123 140 0
2445 36 31 61 683 7393 2 98 62 123 140 0
2445 42 31 30 730 7393 2 104 62 123 140 0
2445 48 32 18 702 7393 2 110 62 123 140 0
2460 6 40 181 484 564005 2 58 52 94 105 1
2460 12 41 434 919 564005 2 64 52 94 105 1
2460 19 41 198 845 564005 2 71 52 94 105 1
2460 24 42 240 696 564005 2 76 52 94 105 1
2460 30 42 158 693 564005 2 82 52 94 105 1
2460 36 43 162 1218 564005 2 88 52 94 105 1
2460 42 43 168 2861 564005 2 94 52 94 105 1
2460 47 44 71 1517 564005 2 99 52 94 105 1
2463 1 33 838 629 -999 -999 74 73 -999 139 0
2463 4 33 811 640 -999 -999 77 73 -999 139 0
2463 10 33 879 740 -999 -999 83 73 -999 139 0
2463 19 34 1088 630 -999 -999 92 73 -999 139 0
2463 25 35 776 500 -999 -999 98 73 -999 139 0
2463 31 35 737 621 -999 -999 104 73 -999 139 0
2463 37 36 926 776 -999 -999 110 73 -999 139 0
2463 43 36 729 515 -999 -999 116 73 -999 139 0
2482 6 34 624 869 3387 -999 52 46 -999 138 0
2482 13 34 547 740 3387 -999 59 46 -999 138 0
2482 18 35 628 807 3387 -999 64 46 -999 138 0
2482 24 35 648 1004 3387 -999 70 46 -999 138 0
2482 32 36 836 902 3387 -999 78 46 -999 138 0
2482 38 36 672 806 3387 -999 84 46 -999 138 0
2482 44 37 778 1426 3387 -999 90 46 -999 138 0
2484 5 43 952 1210 350613 2 39 34 111 114 1
2484 26 44 649 1298 350613 2 60 34 111 114 1
2484 33 45 758 1544 350613 2 67 34 111 114 1
2484 41 46 483 1304 350613 2 75 34 111 114 1
2484 47 46 653 2212 350613 2 81 34 111 114 1
2498 5 49 622 1477 -999 1 65 60 -999 141 0
2498 10 49 431 1751 -999 1 70 60 -999 141 0
2498 17 50 496 1513 -999 1 77 60 -999 141 0
2498 23 50 532 1516 -999 1 83 60 -999 141 0
2498 29 51 290 1263 -999 1 89 60 -999 141 0
2498 34 51 446 1601 -999 1 94 60 -999 141 0
2498 41 52 408 1089 -999 1 101 60 -999 141 0
2498 47 52 492 1669 -999 1 107 60 -999 141 0
2536 3 32 483 596 -999 1 15 12 -999 141 0
2536 10 32 506 759 -999 1 22 12 -999 141 0
2536 15 33 659 606 -999 1 27 12 -999 141 0
2536 22 33 381 776 -999 1 34 12 -999 141 0
2536 28 34 397 778 -999 1 40 12 -999 141 0
2536 34 34 765 906 -999 1 46 12 -999 141 0
2536 41 35 438 1124 -999 1 53 12 -999 141 0
2536 47 35 422 1184 -999 1 59 12 -999 141 0
2540 7 30 551 610 21108 -999 72 65 -999 140 0
2540 15 31 518 619 21108 -999 80 65 -999 140 0
2540 21 32 672 814 21108 -999 86 65 -999 140 0
2540 27 32 588 588 21108 -999 92 65 -999 140 0
2540 33 33 787 691 21108 -999 98 65 -999 140 0
2540 38 33 615 585 21108 -999 103 65 -999 140 0
2540 44 34 1045 858 21108 -999 109 65 -999 140 0
2549 6 45 317 739 -999 2 49 43 134 134 0
2549 12 45 229 506 -999 2 55 43 134 134 0
2549 26 46 326 914 -999 2 69 43 134 134 0
2549 32 47 333 845 -999 2 75 43 134 134 0
2549 37 47 274 374 -999 2 80 43 134 134 0
2549 43 48 311 948 -999 2 86 43 134 134 0
2565 4 41 421 761 -999 2 55 51 68 116 1
2565 9 41 343 817 -999 2 60 51 68 116 1
2565 16 42 475 968 -999 2 67 51 68 116 1
2565 22 43 319 689 -999 2 73 51 68 116 1
2565 28 43 247 806 -999 2 79 51 68 116 1
2565 34 44 164 633 -999 2 85 51 68 116 1
2618 1 40 882 750 -999 -999 75 74 -999 137 0
2618 4 40 794 729 -999 -999 78 74 -999 137 0
2618 10 40 674 636 -999 -999 84 74 -999 137 0
2618 16 41 820 941 -999 -999 90 74 -999 137 0
2618 23 42 544 544 -999 -999 97 74 -999 137 0
2618 29 42 866 934 -999 -999 103 74 -999 137 0
2618 35 43 578 662 -999 -999 109 74 -999 137 0
2618 41 43 724 839 -999 -999 115 74 -999 137 0
2628 6 25 984 1010 87775 2 39 33 132 132 0
2628 11 25 462 1571 87775 2 44 33 132 132 0
2628 24 26 462 1386 87775 2 57 33 132 132 0
2628 30 27 872 1873 87775 2 63 33 132 132 0
2628 42 28 471 1323 87775 2 75 33 132 132 0
2628 47 28 446 1064 87775 2 80 33 132 132 0
2647 6 47 792 1213 16177 -999 86 80 -999 140 0
2647 12 47 1058 1088 16177 -999 92 80 -999 140 0
2647 18 48 567 1520 16177 -999 98 80 -999 140 0
2647 24 48 441 1544 16177 -999 104 80 -999 140 0
2647 30 49 523 1625 16177 -999 110 80 -999 140 0
2647 35 49 507 1968 16177 -999 115 80 -999 140 0
2647 43 50 364 1394 16177 -999 123 80 -999 140 0
2647 48 50 329 1449 16177 -999 128 80 -999 140 0
2660 6 35 308 429 239872 2 67 61 108 120 1
2660 12 36 407 777 239872 2 73 61 108 120 1
2660 19 36 341 666 239872 2 80 61 108 120 1
2660 24 37 409 526 239872 2 85 61 108 120 1
2660 30 37 232 990 239872 2 91 61 108 120 1
2660 37 38 36 672 239872 2 98 61 108 120 1
2660 43 38 41 782 239872 2 104 61 108 120 1
2660 48 39 21 658 239872 2 109 61 108 120 1
2676 5 33 1099 818 -999 -999 25 20 -999 134 0
2676 11 33 836 564 -999 -999 31 20 -999 134 0
2676 17 34 1454 1002 -999 -999 37 20 -999 134 0
2676 23 34 1588 907 -999 -999 43 20 -999 134 0
2676 29 35 1615 1488 -999 -999 49 20 -999 134 0
2676 35 35 1231 931 -999 -999 55 20 -999 134 0
2676 41 36 1681 1212 -999 -999 61 20 -999 134 0
2676 47 36 1740 1187 -999 -999 67 20 -999 134 0
2688 7 43 542 682 -999 2 28 21 66 78 1
2688 13 43 508 1185 -999 2 34 21 66 78 1
2688 18 44 631 848 -999 2 39 21 66 78 1
2688 22 44 365 456 -999 2 43 21 66 78 1
2688 42 46 282 1943 -999 2 63 21 66 78 1
2755 3 34 1188 1800 -999 3 25 22 -999 99 1
2755 10 34 556 1365 -999 3 32 22 -999 99 1
2780 5 40 432 863 -999 -999 81 76 -999 136 0
2780 14 41 262 661 -999 -999 90 76 -999 136 0
2780 22 42 384 754 -999 -999 98 76 -999 136 0
2780 28 42 326 704 -999 -999 104 76 -999 136 0
2780 34 43 337 786 -999 -999 110 76 -999 136 0
2780 40 43 362 1080 -999 -999 116 76 -999 136 0
2793 6 29 1490 1118 14661 -999 22 16 -999 80 0
2812 5 34 781 915 -999 1 25 20 -999 140 0
2812 12 34 665 847 -999 1 32 20 -999 140 0
2812 18 35 1135 792 -999 1 38 20 -999 140 0
2812 24 35 848 919 -999 1 44 20 -999 140 0
2812 32 36 662 1170 -999 1 52 20 -999 140 0
2812 38 36 708 1468 -999 1 58 20 -999 140 0
2812 43 37 736 887 -999 1 63 20 -999 140 0
2814 6 34 564 403 53719 -999 81 75 -999 140 0
2814 13 35 847 1085 53719 -999 88 75 -999 140 0
2814 24 36 570 1436 53719 -999 99 75 -999 140 0
2814 31 36 648 1373 53719 -999 106 75 -999 140 0
2814 38 37 518 957 53719 -999 113 75 -999 140 0
2814 46 38 358 921 53719 -999 121 75 -999 140 0
2843 5 40 513 759 41345 2 26 21 -999 123 0
2843 11 40 449 691 41345 2 32 21 -999 123 0
2843 17 41 371 571 41345 2 38 21 -999 123 0
2843 23 41 381 852 41345 2 44 21 -999 123 0
2843 29 42 384 959 41345 2 50 21 -999 123 0
2843 35 42 246 672 41345 2 56 21 -999 123 0
2843 41 43 395 987 41345 2 62 21 -999 123 0
2843 47 43 335 558 41345 2 68 21 -999 123 0
2908 6 33 722 722 3250 2 29 23 135 135 0
2908 12 33 833 615 3250 2 35 23 135 135 0
2908 19 34 731 629 3250 2 42 23 135 135 0
2908 24 34 595 629 3250 2 47 23 135 135 0
2908 30 35 677 594 3250 2 53 23 135 135 0
2908 36 35 525 525 3250 2 59 23 135 135 0
2908 43 36 634 960 3250 2 66 23 135 135 0
2908 48 36 632 900 3250 2 71 23 135 135 0
2921 6 37 505 715 17948 -999 46 40 -999 136 0
2921 12 38 590 963 17948 -999 52 40 -999 136 0
2921 19 38 676 1106 17948 -999 59 40 -999 136 0
2921 25 39 590 1138 17948 -999 65 40 -999 136 0
2921 30 39 483 898 17948 -999 70 40 -999 136 0
2921 37 40 656 1108 17948 -999 77 40 -999 136 0
2921 43 40 628 1053 17948 -999 83 40 -999 136 0
2976 6 30 371 2113 13664 -999 56 50 -999 142 0
2976 11 31 606 1432 13664 -999 61 50 -999 142 0
2976 20 31 441 1661 13664 -999 70 50 -999 142 0
2976 26 32 645 1091 13664 -999 76 50 -999 142 0
2976 31 32 459 679 13664 -999 81 50 -999 142 0
2976 37 33 546 1326 13664 -999 87 50 -999 142 0
2976 44 33 504 648 13664 -999 94 50 -999 142 0
3065 9 40 595 707 18285 1 61 52 -999 140 0
3065 18 40 560 361 18285 1 70 52 -999 140 0
3118 6 22 743 939 149217 2 34 28 68 90 1
3118 16 23 393 917 149217 2 44 28 68 90 1
3118 22 24 475 1280 149217 2 50 28 68 90 1
3125 5 30 566 743 -999 2 41 36 141 133 0
3125 13 31 605 1123 -999 2 49 36 141 133 0
3125 25 32 557 902 -999 2 61 36 141 133 0
3125 32 32 567 1008 -999 2 68 36 141 133 0
3125 39 33 532 900 -999 2 75 36 141 133 0
3125 44 33 522 1103 -999 2 80 36 141 133 0
3162 4 30 685 415 17950 -999 55 51 -999 137 0
3162 10 31 527 570 17950 -999 61 51 -999 137 0
3162 17 31 503 651 17950 -999 68 51 -999 137 0
3162 23 32 525 705 17950 -999 74 51 -999 137 0
3162 29 32 571 638 17950 -999 80 51 -999 137 0
3162 35 33 663 698 17950 -999 86 51 -999 137 0
3162 40 33 722 722 17950 -999 91 51 -999 137 0
3162 46 34 711 889 17950 -999 97 51 -999 137 0
3240 1 27 388 805 -999 -999 81 80 -999 140 0
3240 5 28 338 939 -999 -999 85 80 -999 140 0
3240 19 29 522 1366 -999 -999 99 80 -999 140 0
3240 25 29 398 1315 -999 -999 105 80 -999 140 0
3240 35 30 431 1701 -999 -999 115 80 -999 140 0
3240 42 31 296 1213 -999 -999 122 80 -999 140 0
3250 6 37 1517 1202 11776 -999 18 12 -999 101 0
3250 13 38 1215 976 11776 -999 25 12 -999 101 0
3250 18 38 1448 1093 11776 -999 30 12 -999 101 0
3250 25 39 880 773 11776 -999 37 12 -999 101 0
3250 36 39 740 1082 11776 -999 48 12 -999 101 0
3250 39 40 1329 998 11776 -999 51 12 -999 101 0
3250 42 40 926 1595 11776 -999 54 12 -999 101 0
3250 47 40 1193 1697 11776 -999 59 12 -999 101 0
3280 11 32 356 631 53126 -999 27 16 -999 130 0
3280 17 32 230 648 53126 -999 33 16 -999 130 0
3280 22 33 307 586 53126 -999 38 16 -999 130 0
3280 30 33 263 921 53126 -999 46 16 -999 130 0
3280 37 34 208 976 53126 -999 53 16 -999 130 0
3280 42 34 236 1181 53126 -999 58 16 -999 130 0
3319 5 35 478 1040 110448 3 19 14 -999 66 1
3319 11 36 393 1086 110448 3 25 14 -999 66 1
3319 19 36 458 938 110448 3 33 14 -999 66 1
3319 26 37 408 1152 110448 3 40 14 -999 66 1
3319 30 37 413 1458 110448 3 44 14 -999 66 1
3319 38 38 363 2087 110448 3 52 14 -999 66 1
3334 4 29 1163 687 300 -999 33 29 -999 137 0
3334 10 30 471 585 300 -999 39 29 -999 137 0
3334 17 30 505 621 300 -999 46 29 -999 137 0
3334 20 31 450 523 300 -999 49 29 -999 137 0
3334 26 31 524 830 300 -999 55 29 -999 137 0
3334 30 31 698 853 300 -999 59 29 -999 137 0
3334 37 32 695 1088 300 -999 66 29 -999 137 0
3334 45 33 1131 1454 300 -999 74 29 -999 137 0
3417 6 26 624 1136 15156 2 25 19 130 131 1
3462 5 43 1213 887 31052 2 21 16 89 116 1
3462 12 44 1181 795 31052 2 28 16 89 116 1
3462 19 44 1321 1051 31052 2 35 16 89 116 1
3462 24 45 1412 1836 31052 2 40 16 89 116 1
3462 31 45 685 875 31052 2 47 16 89 116 1
3462 35 46 1160 1270 31052 2 51 16 89 116 1
3462 38 46 971 1054 31052 2 54 16 89 116 1
3462 44 46 581 1327 31052 2 60 16 89 116 1
3473 6 33 706 776 -999 -999 43 37 -999 140 0
3473 13 34 478 898 -999 -999 50 37 -999 140 0
3473 20 34 385 983 -999 -999 57 37 -999 140 0
3473 24 35 290 1451 -999 -999 61 37 -999 140 0
3473 30 35 638 1275 -999 -999 67 37 -999 140 0
3473 37 36 436 1089 -999 -999 74 37 -999 140 0
3473 42 36 397 908 -999 -999 79 37 -999 140 0
3519 6 37 454 804 80907 -999 37 31 -999 138 0
3519 30 39 223 846 80907 -999 61 31 -999 138 0
3544 4 25 1224 441 -999 -999 32 28 -999 131 0
3544 10 26 1482 587 -999 -999 38 28 -999 131 0
3544 17 26 1376 803 -999 -999 45 28 -999 131 0
3544 22 27 1245 502 -999 -999 50 28 -999 131 0
3544 30 27 1159 527 -999 -999 58 28 -999 131 0
3544 38 28 916 692 -999 -999 66 28 -999 131 0
3554 3 56 508 655 -999 1 85 82 -999 141 0
3554 10 56 420 765 -999 1 92 82 -999 141 0
3554 16 57 523 1112 -999 1 98 82 -999 141 0
3554 22 57 487 1403 -999 1 104 82 -999 141 0
3554 28 58 355 1116 -999 1 110 82 -999 141 0
3554 33 58 426 1078 -999 1 115 82 -999 141 0
3554 40 59 284 914 -999 1 122 82 -999 141 0
3554 46 59 129 629 -999 1 128 82 -999 141 0
3598 8 21 1323 1492 2243 -999 22 14 -999 119 0
3598 14 22 842 864 2243 -999 28 14 -999 119 0
3598 24 23 924 1173 2243 -999 38 14 -999 119 0
3598 31 23 827 927 2243 -999 45 14 -999 119 0
3598 36 24 531 789 2243 -999 50 14 -999 119 0
3598 40 24 892 1264 2243 -999 54 14 -999 119 0
3598 47 25 684 918 2243 -999 61 14 -999 119 0
3603 5 26 917 537 40477 2 29 24 85 84 1
3603 10 26 760 507 40477 2 34 24 85 84 1
3603 16 27 803 959 40477 2 40 24 85 84 1
3603 22 27 795 1539 40477 2 46 24 85 84 1
3603 28 28 876 1560 40477 2 52 24 85 84 1
3603 37 29 605 1449 40477 2 61 24 85 84 1
3603 43 29 284 2274 40477 2 67 24 85 84 1
3606 6 39 958 1176 -999 -999 52 46 -999 135 0
3606 12 39 893 919 -999 -999 58 46 -999 135 0
3606 18 40 474 901 -999 -999 64 46 -999 135 0
3606 24 40 756 1008 -999 -999 70 46 -999 135 0
3606 32 41 915 1092 -999 -999 78 46 -999 135 0
3606 36 41 918 1246 -999 -999 82 46 -999 135 0
3606 42 42 756 903 -999 -999 88 46 -999 135 0
3606 48 42 984 1214 -999 -999 94 46 -999 135 0
3619 7 25 814 729 87328 3 18 11 -999 104 1
3619 14 26 634 534 87328 3 25 11 -999 104 1
3619 28 27 570 911 87328 3 39 11 -999 104 1
3619 34 27 600 1004 87328 3 45 11 -999 104 1
3619 41 28 261 598 87328 3 52 11 -999 104 1
3639 5 39 605 1217 58266 2 20 15 117 113 1
3639 11 40 560 1284 58266 2 26 15 117 113 1
3639 17 40 482 1409 58266 2 32 15 117 113 1
3639 23 41 513 1446 58266 2 38 15 117 113 1
3639 29 41 529 2148 58266 2 44 15 117 113 1
3639 35 42 411 1339 58266 2 50 15 117 113 1
3639 38 42 387 1205 58266 2 53 15 117 113 1
3639 44 42 278 1417 58266 2 59 15 117 113 1
3655 5 44 608 1192 93288 3 54 49 -999 114 1
3655 11 44 507 993 93288 3 60 49 -999 114 1
3655 17 45 471 1076 93288 3 66 49 -999 114 1
3655 23 45 257 786 93288 3 72 49 -999 114 1
3655 30 46 504 1638 93288 3 79 49 -999 114 1
3679 6 56 721 739 64295 3 89 83 -999 137 0
3679 12 56 588 743 64295 3 95 83 -999 137 0
3679 18 57 466 670 64295 3 101 83 -999 137 0
3679 24 57 622 905 64295 3 107 83 -999 137 0
3679 30 58 619 991 64295 3 113 83 -999 137 0
3679 36 58 636 975 64295 3 119 83 -999 137 0
3679 42 59 608 855 64295 3 125 83 -999 137 0
3702 5 29 -999 -999 15056 -999 35 30 -999 140 0
3702 11 30 625 1585 15056 -999 41 30 -999 140 0
3702 17 30 507 1141 15056 -999 47 30 -999 140 0
3702 21 31 243 682 15056 -999 51 30 -999 140 0
3702 33 32 638 1316 15056 -999 63 30 -999 140 0
3702 38 32 600 1027 15056 -999 68 30 -999 140 0
3702 44 33 632 1535 15056 -999 74 30 -999 140 0
3708 4 34 379 576 -999 -999 47 43 -999 141 0
3708 10 35 407 516 -999 -999 53 43 -999 141 0
3708 16 35 368 580 -999 -999 59 43 -999 141 0
3708 23 36 504 576 -999 -999 66 43 -999 141 0
3708 30 37 304 330 -999 -999 73 43 -999 141 0
3708 36 37 320 367 -999 -999 79 43 -999 141 0
3708 44 38 517 486 -999 -999 87 43 -999 141 0
3711 6 33 418 523 2823 2 71 65 125 135 0
3711 15 34 708 789 2823 2 80 65 125 135 0
3711 21 35 526 764 2823 2 86 65 125 135 0
3711 27 35 404 838 2823 2 92 65 125 135 0
3711 33 36 371 813 2823 2 98 65 125 135 0
3711 39 36 291 726 2823 2 104 65 125 135 0
3711 45 37 311 721 2823 2 110 65 125 135 0
3718 1 29 306 738 -999 -999 87 86 -999 136 0
3718 3 29 225 260 -999 -999 89 86 -999 136 0
3718 9 29 388 536 -999 -999 95 86 -999 136 0
3718 14 30 269 741 -999 -999 100 86 -999 136 0
3718 20 30 473 885 -999 -999 106 86 -999 136 0
3718 26 31 378 644 -999 -999 112 86 -999 136 0
3718 32 31 301 637 -999 -999 118 86 -999 136 0
3718 39 32 189 564 -999 -999 125 86 -999 136 0
3730 5 35 644 977 155634 2 32 27 123 137 1
3730 11 36 871 1321 155634 2 38 27 123 137 1
3730 17 36 789 1197 155634 2 44 27 123 137 1
3730 24 37 754 948 155634 2 51 27 123 137 1
3730 29 37 787 1127 155634 2 56 27 123 137 1
3730 47 39 540 852 155634 2 74 27 123 137 1
3739 6 55 730 872 6628 2 72 66 133 138 0
3739 12 56 601 1318 6628 2 78 66 133 138 0
3739 17 56 523 969 6628 2 83 66 133 138 0
3739 24 57 614 1010 6628 2 90 66 133 138 0
3739 29 57 544 1067 6628 2 95 66 133 138 0
3739 35 58 475 1045 6628 2 101 66 133 138 0
3739 40 58 310 1033 6628 2 106 66 133 138 0
3739 46 59 187 994 6628 2 112 66 133 138 0
3818 6 39 501 501 -999 -999 95 89 -999 138 0
3818 12 40 512 574 -999 -999 101 89 -999 138 0
3818 18 40 547 443 -999 -999 107 89 -999 138 0
3818 24 41 443 454 -999 -999 113 89 -999 138 0
3818 30 41 601 529 -999 -999 119 89 -999 138 0
3818 37 42 578 638 -999 -999 126 89 -999 138 0
3818 43 42 464 440 -999 -999 132 89 -999 138 0
3830 4 31 318 831 6300 -999 29 25 -999 76 0
3830 9 31 295 1033 6300 -999 34 25 -999 76 0
3830 16 32 272 933 6300 -999 41 25 -999 76 0
3830 22 32 226 709 6300 -999 47 25 -999 76 0
3830 28 33 159 778 6300 -999 53 25 -999 76 0
3830 45 34 217 775 6300 -999 70 25 -999 76 0
3846 6 36 396 332 13546 -999 20 14 -999 137 0
3846 13 37 425 350 13546 -999 27 14 -999 137 0
3846 18 37 505 385 13546 -999 32 14 -999 137 0
3846 25 38 270 233 13546 -999 39 14 -999 137 0
3846 32 38 244 255 13546 -999 46 14 -999 137 0
3846 36 39 250 435 13546 -999 50 14 -999 137 0
3846 39 39 251 282 13546 -999 53 14 -999 137 0
3846 46 39 323 493 13546 -999 60 14 -999 137 0
3856 5 38 605 719 23063 2 21 16 86 86 1
3856 11 39 466 554 23063 2 27 16 86 86 1
3856 17 39 560 700 23063 2 33 16 86 86 1
3856 22 40 550 792 23063 2 38 16 86 86 1
3856 28 40 582 776 23063 2 44 16 86 86 1
3856 33 41 -999 -999 23063 2 49 16 86 86 1
3856 39 41 204 601 23063 2 55 16 86 86 1
3861 6 22 658 699 8400 2 37 31 126 114 1
3861 14 22 823 968 8400 2 45 31 126 114 1
3901 6 39 412 343 54700 2 70 64 113 136 0
3901 12 40 790 454 54700 2 76 64 113 136 0
3901 18 40 665 423 54700 2 82 64 113 136 0
3901 24 41 575 606 54700 2 88 64 113 136 0
3901 30 41 401 644 54700 2 94 64 113 136 0
3901 36 42 501 1201 54700 2 100 64 113 136 0
3901 42 42 158 644 54700 2 106 64 113 136 0
3901 48 43 129 426 54700 2 112 64 113 136 0
3940 7 27 304 989 21972 2 29 22 77 101 1
3940 12 27 254 898 21972 2 34 22 77 101 1
3940 18 28 232 745 21972 2 40 22 77 101 1
3940 24 28 108 417 21972 2 46 22 77 101 1
3940 30 29 172 1186 21972 2 52 22 77 101 1
3940 36 29 89 440 21972 2 58 22 77 101 1
3947 6 30 286 596 89552 2 36 30 111 118 1
3947 12 31 350 700 89552 2 42 30 111 118 1
3947 18 31 346 759 89552 2 48 30 111 118 1
3947 24 32 473 1058 89552 2 54 30 111 118 1
3947 31 33 533 1194 89552 2 61 30 111 118 1
3947 36 33 417 933 89552 2 66 30 111 118 1
3947 40 33 230 569 89552 2 70 30 111 118 1
3947 47 34 264 608 89552 2 77 30 111 118 1
3956 12 29 546 1611 24705 1 60 48 -999 140 0
3956 18 30 538 1507 24705 1 66 48 -999 140 0
3956 24 30 394 1438 24705 1 72 48 -999 140 0
3956 31 31 566 1221 24705 1 79 48 -999 140 0
3956 37 32 434 804 24705 1 85 48 -999 140 0
3956 43 32 517 1429 24705 1 91 48 -999 140 0
3976 5 39 719 849 2552 -999 19 14 -999 138 0
3976 12 40 725 808 2552 -999 26 14 -999 138 0
3976 18 40 680 992 2552 -999 32 14 -999 138 0
3976 23 41 669 831 2552 -999 37 14 -999 138 0
3976 29 41 423 1345 2552 -999 43 14 -999 138 0
3976 35 42 292 1028 2552 -999 49 14 -999 138 0
3976 40 42 349 910 2552 -999 54 14 -999 138 0
4044 6 28 307 608 46074 2 21 15 -999 137 0
4044 13 29 605 870 46074 2 28 15 -999 137 0
4044 18 29 546 675 46074 2 33 15 -999 137 0
4044 24 30 372 948 46074 2 39 15 -999 137 0
4044 31 30 339 855 46074 2 46 15 -999 137 0
4044 35 31 311 905 46074 2 50 15 -999 137 0
4044 38 31 319 573 46074 2 53 15 -999 137 0
4044 45 31 492 942 46074 2 60 15 -999 137 0
4065 4 52 273 310 42388 3 21 17 -999 98 1
4065 10 53 551 827 42388 3 27 17 -999 98 1
4065 14 53 325 438 42388 3 31 17 -999 98 1
4065 20 54 458 556 42388 3 37 17 -999 98 1
4065 27 54 304 760 42388 3 44 17 -999 98 1
4065 33 55 391 1005 42388 3 50 17 -999 98 1
4068 6 54 -999 -999 116757 2 29 23 127 103 1
4068 12 54 912 889 116757 2 35 23 127 103 1
4068 18 55 660 1109 116757 2 41 23 127 103 1
4068 24 55 587 1150 116757 2 47 23 127 103 1
4068 29 56 477 1153 116757 2 52 23 127 103 1
4068 36 56 446 872 116757 2 59 23 127 103 1
4068 42 57 348 744 116757 2 65 23 127 103 1
4068 48 57 138 1020 116757 2 71 23 127 103 1
4096 6 27 1162 667 39613 2 20 14 137 140 0
4096 16 28 998 1164 39613 2 30 14 137 140 0
4096 24 29 877 457 39613 2 38 14 137 140 0
4096 30 29 734 494 39613 2 44 14 137 140 0
4096 37 30 661 1072 39613 2 51 14 137 140 0
4096 44 30 447 801 39613 2 58 14 137 140 0
4101 5 30 462 941 44434 -999 46 41 -999 134 0
4101 12 31 384 797 44434 -999 53 41 -999 134 0
4101 18 31 376 780 44434 -999 59 41 -999 134 0
4101 24 32 304 911 44434 -999 65 41 -999 134 0
4101 36 33 434 1227 44434 -999 77 41 -999 134 0
4101 45 34 391 1209 44434 -999 86 41 -999 134 0
4103 7 32 394 560 87483 2 18 11 59 101 1
4103 14 33 459 582 87483 2 25 11 59 101 1
4103 21 33 387 573 87483 2 32 11 59 101 1
4103 28 34 254 591 87483 2 39 11 59 101 1
4103 33 34 592 1260 87483 2 44 11 59 101 1
4103 40 35 118 279 87483 2 51 11 59 101 1
4103 42 35 151 379 87483 2 53 11 59 101 1
4108 6 55 830 751 22088 3 81 75 -999 130 1
4108 11 56 634 1090 22088 3 86 75 -999 130 1
4108 16 56 667 1076 22088 3 91 75 -999 130 1
4108 22 57 438 1095 22088 3 97 75 -999 130 1
4108 28 57 593 1128 22088 3 103 75 -999 130 1
4108 34 58 408 919 22088 3 109 75 -999 130 1
4108 40 58 428 936 22088 3 115 75 -999 130 1
4108 47 59 484 1111 22088 3 122 75 -999 130 1
4122 5 25 515 757 -999 -999 69 64 -999 117 0
4122 12 26 574 648 -999 -999 76 64 -999 117 0
4122 20 26 860 1011 -999 -999 84 64 -999 117 0
4122 29 27 1148 1285 -999 -999 93 64 -999 117 0
4122 35 28 482 702 -999 -999 99 64 -999 117 0
4122 45 29 878 1151 -999 -999 109 64 -999 117 0
4124 7 28 419 480 13017 -999 60 53 -999 130 0
4124 13 29 505 613 13017 -999 66 53 -999 130 0
4124 20 30 544 725 13017 -999 73 53 -999 130 0
4124 25 30 545 636 13017 -999 78 53 -999 130 0
4124 32 31 448 461 13017 -999 85 53 -999 130 0
4124 37 31 591 842 13017 -999 90 53 -999 130 0
4124 43 31 463 875 13017 -999 96 53 -999 130 0
4186 7 31 446 599 39284 -999 22 15 -999 141 0
4186 14 32 358 676 39284 -999 29 15 -999 141 0
4186 22 33 415 910 39284 -999 37 15 -999 141 0
4186 29 33 358 606 39284 -999 44 15 -999 141 0
4186 34 34 260 639 39284 -999 49 15 -999 141 0
4186 40 34 309 659 39284 -999 55 15 -999 141 0
4186 48 35 354 869 39284 -999 63 15 -999 141 0
4193 6 49 882 784 16606 -999 84 78 -999 138 0
4193 12 50 795 736 16606 -999 90 78 -999 138 0
4193 19 51 1072 730 16606 -999 97 78 -999 138 0
4193 25 51 761 533 16606 -999 103 78 -999 138 0
4193 31 52 975 797 16606 -999 109 78 -999 138 0
4193 37 52 1008 780 16606 -999 115 78 -999 138 0
4193 41 52 753 659 16606 -999 119 78 -999 138 0
4193 46 53 668 846 16606 -999 124 78 -999 138 0
4196 5 34 394 754 11092 2 19 14 90 89 1
4196 12 35 490 720 11092 2 26 14 90 89 1
4196 18 35 426 1221 11092 2 32 14 90 89 1
4196 23 36 474 1342 11092 2 37 14 90 89 1
4196 29 36 342 1094 11092 2 43 14 90 89 1
4196 35 37 346 1289 11092 2 49 14 90 89 1
4196 41 37 307 1030 11092 2 55 14 90 89 1
4196 47 38 260 903 11092 2 61 14 90 89 1
4204 6 30 435 333 30968 2 19 13 87 121 1
4204 12 31 640 489 30968 2 25 13 87 121 1
4204 19 31 636 537 30968 2 32 13 87 121 1
4204 25 32 889 914 30968 2 38 13 87 121 1
4204 32 32 621 718 30968 2 45 13 87 121 1
4204 36 33 426 501 30968 2 49 13 87 121 1
4204 41 33 498 687 30968 2 54 13 87 121 1
4204 45 33 426 492 30968 2 58 13 87 121 1
4230 7 33 894 1202 1471 -999 24 17 -999 137 0
4230 11 34 580 967 1471 -999 28 17 -999 137 0
4230 17 34 619 875 1471 -999 34 17 -999 137 0
4230 24 35 918 1092 1471 -999 41 17 -999 137 0
4230 29 35 898 796 1471 -999 46 17 -999 137 0
4230 37 36 602 941 1471 -999 54 17 -999 137 0
4230 44 37 626 1165 1471 -999 61 17 -999 137 0
4245 4 36 1215 1867 -999 -999 62 58 -999 139 0
4245 9 36 810 1125 -999 -999 67 58 -999 139 0
4245 15 37 919 1378 -999 -999 73 58 -999 139 0
4245 21 37 941 1243 -999 -999 79 58 -999 139 0
4245 27 38 1031 1773 -999 -999 85 58 -999 139 0
4245 33 38 984 1665 -999 -999 91 58 -999 139 0
4245 41 39 993 1680 -999 -999 99 58 -999 139 0
4245 47 39 734 2007 -999 -999 105 58 -999 139 0
4265 5 39 839 1016 53917 1 34 29 -999 125 1
4265 11 40 796 1013 53917 1 40 29 -999 125 1
4265 17 40 539 1126 53917 1 46 29 -999 125 1
4265 23 41 498 996 53917 1 52 29 -999 125 1
4265 29 41 311 622 53917 1 58 29 -999 125 1
4265 47 43 384 860 53917 1 76 29 -999 125 1
4296 6 39 1103 744 -999 -999 48 42 -999 133 0
4296 12 40 764 683 -999 -999 54 42 -999 133 0
4296 18 40 1082 541 -999 -999 60 42 -999 133 0
4296 24 41 779 594 -999 -999 66 42 -999 133 0
4296 30 41 771 422 -999 -999 72 42 -999 133 0
4296 36 42 1097 638 -999 -999 78 42 -999 133 0
4296 43 43 810 486 -999 -999 85 42 -999 133 0
4303 6 34 970 715 7686 -999 25 19 -999 139 0
4303 11 34 1022 650 7686 -999 30 19 -999 139 0
4303 18 35 1093 826 7686 -999 37 19 -999 139 0
4303 24 35 734 420 7686 -999 43 19 -999 139 0
4303 31 36 1082 860 7686 -999 50 19 -999 139 0
4303 36 36 972 748 7686 -999 55 19 -999 139 0
4303 42 37 1207 1207 7686 -999 61 19 -999 139 0
4303 48 37 853 575 7686 -999 67 19 -999 139 0
4329 5 50 1100 889 -999 -999 93 88 -999 141 0
4329 11 51 909 808 -999 -999 99 88 -999 141 0
4329 17 51 975 1022 -999 -999 105 88 -999 141 0
4329 23 52 830 975 -999 -999 111 88 -999 141 0
4329 29 52 995 1250 -999 -999 117 88 -999 141 0
4329 35 53 866 1185 -999 -999 123 88 -999 141 0
4329 41 53 801 1105 -999 -999 129 88 -999 141 0
4329 47 54 642 1030 -999 -999 135 88 -999 141 0
4333 6 35 462 736 19258 2 33 27 70 109 1
4333 12 36 449 1122 19258 2 39 27 70 109 1
4333 18 36 370 1090 19258 2 45 27 70 109 1
4333 24 37 279 898 19258 2 51 27 70 109 1
4333 30 37 350 1031 19258 2 57 27 70 109 1
4333 36 38 183 872 19258 2 63 27 70 109 1
4333 42 38 132 1493 19258 2 69 27 70 109 1
4333 48 39 143 1447 19258 2 75 27 70 109 1
4346 7 48 854 721 33270 2 41 34 98 115 1
4346 14 48 624 808 33270 2 48 34 98 115 1
4346 19 49 347 586 33270 2 53 34 98 115 1
4346 25 49 170 413 33270 2 59 34 98 115 1
4346 31 50 277 939 33270 2 65 34 98 115 1
4346 37 50 155 480 33270 2 71 34 98 115 1
4346 43 51 176 819 33270 2 77 34 98 115 1
4437 5 42 804 1833 -999 -999 22 17 -999 136 0
4437 11 43 742 1916 -999 -999 28 17 -999 136 0
4437 17 43 -999 -999 -999 -999 34 17 -999 136 0
4437 23 44 756 1184 -999 -999 40 17 -999 136 0
4437 29 44 368 1997 -999 -999 46 17 -999 136 0
4437 35 45 625 2053 -999 -999 52 17 -999 136 0
4437 41 45 589 2031 -999 -999 58 17 -999 136 0
4437 47 46 1156 1478 -999 -999 64 17 -999 136 0
4449 6 24 659 799 2461 -999 26 20 -999 140 0
4449 10 24 591 690 2461 -999 30 20 -999 140 0
4449 18 25 518 745 2461 -999 38 20 -999 140 0
4469 6 40 598 525 16618 -999 98 92 -999 142 0
4469 13 40 459 608 16618 -999 105 92 -999 142 0
4469 20 41 625 1056 16618 -999 112 92 -999 142 0
4469 25 41 447 782 16618 -999 117 92 -999 142 0
4469 31 42 502 1024 16618 -999 123 92 -999 142 0
4469 37 42 473 1116 16618 -999 129 92 -999 142 0
4469 44 43 371 756 16618 -999 136 92 -999 142 0
4486 7 33 230 380 205661 2 31 24 65 77 1
4486 13 34 319 766 205661 2 37 24 65 77 1
4486 18 34 289 917 205661 2 42 24 65 77 1
4486 23 34 449 594 205661 2 47 24 65 77 1
4486 26 35 223 616 205661 2 50 24 65 77 1
4486 32 35 188 847 205661 2 56 24 65 77 1
4486 39 36 50 625 205661 2 63 24 65 77 1
4568 6 35 1263 801 25069 2 68 62 139 139 0
4568 13 36 855 1192 25069 2 75 62 139 139 0
4568 17 36 437 749 25069 2 79 62 139 139 0
4568 23 37 583 526 25069 2 85 62 139 139 0
4568 29 37 439 1338 25069 2 91 62 139 139 0
4568 35 38 632 1381 25069 2 97 62 139 139 0
4568 42 38 598 1380 25069 2 104 62 139 139 0
4568 47 39 491 1056 25069 2 109 62 139 139 0
4580 8 29 -999 -999 1148 2 33 25 132 142 0
4580 15 30 759 675 1148 2 40 25 132 142 0
4580 21 30 881 984 1148 2 46 25 132 142 0
4580 28 31 299 2067 1148 2 53 25 132 142 0
4580 35 31 889 889 1148 2 60 25 132 142 0
4580 43 32 700 682 1148 2 68 25 132 142 0
4581 6 39 426 452 -999 -999 53 47 -999 137 0
4581 21 40 832 448 -999 -999 68 47 -999 137 0
4581 27 41 853 476 -999 -999 74 47 -999 137 0
4581 42 42 410 683 -999 -999 89 47 -999 137 0
4581 48 42 753 792 -999 -999 95 47 -999 137 0
4645 5 22 272 864 115143 -999 32 27 -999 139 0
4645 10 23 276 769 115143 -999 37 27 -999 139 0
4645 13 23 415 815 115143 -999 40 27 -999 139 0
4645 20 23 410 975 115143 -999 47 27 -999 139 0
4645 26 24 354 722 115143 -999 53 27 -999 139 0
4645 31 24 333 706 115143 -999 58 27 -999 139 0
4645 38 25 401 771 115143 -999 65 27 -999 139 0
4645 44 25 387 729 115143 -999 71 27 -999 139 0
4667 6 46 612 1043 15713 1 72 66 -999 136 0
4667 12 47 471 922 15713 1 78 66 -999 136 0
4667 16 47 645 746 15713 1 82 66 -999 136 0
4667 22 48 635 1043 15713 1 88 66 -999 136 0
4667 29 48 621 1188 15713 1 95 66 -999 136 0
4667 34 49 484 907 15713 1 100 66 -999 136 0
4667 40 49 625 1125 15713 1 106 66 -999 136 0
4667 46 50 1159 1656 15713 1 112 66 -999 136 0
4824 6 23 862 1239 14207 -999 45 39 -999 138 0
4824 11 24 638 718 14207 -999 50 39 -999 138 0
4824 16 24 356 785 14207 -999 55 39 -999 138 0
4824 23 25 384 631 14207 -999 62 39 -999 138 0
4824 29 25 426 1094 14207 -999 68 39 -999 138 0
4824 38 26 479 1046 14207 -999 77 39 -999 138 0
4824 44 26 472 1044 14207 -999 83 39 -999 138 0
4846 11 28 569 664 7555 2 27 16 80 101 1
4846 17 28 420 643 7555 2 33 16 80 101 1
4870 6 19 976 934 300 -999 18 12 -999 136 0
4870 14 20 801 934 300 -999 26 12 -999 136 0
4870 19 20 591 683 300 -999 31 12 -999 136 0
4919 7 40 618 385 1731 2 22 15 112 112 1
4919 15 41 694 329 1731 2 30 15 112 112 1
4919 23 42 851 284 1731 2 38 15 112 112 1
4919 28 42 451 363 1731 2 43 15 112 112 1
4919 35 43 299 385 1731 2 50 15 112 112 1
4919 42 43 459 364 1731 2 57 15 112 112 1
4919 47 44 454 385 1731 2 62 15 112 112 1
4935 6 32 709 2031 2629 3 17 11 -999 116 1
4935 11 32 517 1089 2629 3 22 11 -999 116 1
4935 20 33 437 1352 2629 3 31 11 -999 116 1
4935 23 33 952 1808 2629 3 34 11 -999 116 1
4935 31 34 845 1574 2629 3 42 11 -999 116 1
4935 37 34 428 2203 2629 3 48 11 -999 116 1
4935 42 35 755 2196 2629 3 53 11 -999 116 1
4935 47 35 463 1707 2629 3 58 11 -999 116 1
4939 7 33 571 638 -999 -999 39 32 -999 136 0
4939 13 33 539 744 -999 -999 45 32 -999 136 0
4939 19 34 349 310 -999 -999 51 32 -999 136 0
4939 26 34 343 428 -999 -999 58 32 -999 136 0
4939 31 35 529 680 -999 -999 63 32 -999 136 0
4939 38 35 404 443 -999 -999 70 32 -999 136 0
4939 44 36 473 567 -999 -999 76 32 -999 136 0
4953 5 26 619 1006 -999 2 54 49 139 138 0
4953 11 26 632 1517 -999 2 60 49 139 138 0
4953 17 27 372 1156 -999 2 66 49 139 138 0
4953 23 27 576 1469 -999 2 72 49 139 138 0
4953 29 28 832 1485 -999 2 78 49 139 138 0
4953 35 28 686 1287 -999 2 84 49 139 138 0
4953 41 29 408 2100 -999 2 90 49 139 138 0
4953 47 29 412 2125 -999 2 96 49 139 138 0
4964 6 40 793 396 36801 -999 78 72 -999 138 0
4964 12 40 598 414 36801 -999 84 72 -999 138 0
4964 18 41 455 356 36801 -999 90 72 -999 138 0
4964 24 41 497 442 36801 -999 96 72 -999 138 0
4964 30 42 385 415 36801 -999 102 72 -999 138 0
4964 36 42 557 671 36801 -999 108 72 -999 138 0
4964 42 43 525 590 36801 -999 114 72 -999 138 0
4964 48 43 521 560 36801 -999 120 72 -999 138 0
4966 6 43 1425 1174 1324610 2 64 58 140 140 0
4966 16 44 739 1053 1324610 2 74 58 140 140 0
4966 21 44 561 852 1324610 2 79 58 140 140 0
4966 27 45 446 748 1324610 2 85 58 140 140 0
4966 32 45 306 1346 1324610 2 90 58 140 140 0
4966 38 45 399 1262 1324610 2 96 58 140 140 0
4966 46 46 289 1010 1324610 2 104 58 140 140 0
4977 5 24 511 604 440250 3 21 16 -999 130 1
4977 17 25 299 510 440250 3 33 16 -999 130 1
5100 4 29 376 850 133291 2 49 45 108 138 1
5100 11 29 437 1104 133291 2 56 45 108 138 1
5100 16 30 554 1228 133291 2 61 45 108 138 1
5100 22 30 386 604 133291 2 67 45 108 138 1
5100 28 31 210 420 133291 2 73 45 108 138 1
5100 34 31 564 1024 133291 2 79 45 108 138 1
5100 40 32 325 636 133291 2 85 45 108 138 1
5100 47 32 131 235 133291 2 92 45 108 138 1
5139 7 34 584 1192 -999 2 38 31 101 99 1
5139 29 35 204 726 -999 2 60 31 101 99 1
5147 6 32 449 916 75446 2 26 20 136 134 0
5147 12 32 304 1056 75446 2 32 20 136 134 0
5147 18 33 306 1062 75446 2 38 20 136 134 0
5147 24 33 264 991 75446 2 44 20 136 134 0
5147 30 34 139 794 75446 2 50 20 136 134 0
5147 36 34 145 1633 75446 2 56 20 136 134 0
5147 41 35 221 2098 75446 2 61 20 136 134 0
5147 47 35 274 1843 75446 2 67 20 136 134 0
5179 7 30 855 736 8537 -999 46 39 -999 136 0
5179 13 31 938 1032 8537 -999 52 39 -999 136 0
5179 22 32 1320 1323 8537 -999 61 39 -999 136 0
5179 29 32 1125 1114 8537 -999 68 39 -999 136 0
5179 36 33 1368 1433 8537 -999 75 39 -999 136 0
5179 42 33 1574 1142 8537 -999 81 39 -999 136 0
5179 47 34 1174 1094 8537 -999 86 39 -999 136 0
5208 8 40 718 838 57773 3 62 54 -999 118 1
5208 12 40 959 1066 57773 3 66 54 -999 118 1
5208 18 40 769 854 57773 3 72 54 -999 118 1
5208 24 41 522 595 57773 3 78 54 -999 118 1
5208 31 42 782 725 57773 3 85 54 -999 118 1
5208 36 42 598 733 57773 3 90 54 -999 118 1
5208 43 43 454 675 57773 3 97 54 -999 118 1
5208 48 43 430 632 57773 3 102 54 -999 118 1
5214 6 31 885 1256 1766 -999 26 20 -999 138 0
5214 11 31 453 1096 1766 -999 31 20 -999 138 0
5214 17 32 698 1034 1766 -999 37 20 -999 138 0
5214 24 32 796 1044 1766 -999 44 20 -999 138 0
5214 29 33 404 955 1766 -999 49 20 -999 138 0
5214 34 33 589 923 1766 -999 54 20 -999 138 0
5214 41 34 422 1225 1766 -999 61 20 -999 138 0
5250 6 30 733 733 -999 2 91 85 132 138 0
5250 26 32 409 497 -999 2 111 85 132 138 0
5250 32 32 480 580 -999 2 117 85 132 138 0
5250 35 32 225 625 -999 2 120 85 132 138 0
5250 41 33 622 504 -999 2 126 85 132 138 0
5287 6 41 612 842 -999 3 41 35 -999 139 1
5287 16 42 628 887 -999 3 51 35 -999 139 1
5287 22 42 273 588 -999 3 57 35 -999 139 1
5287 29 43 451 886 -999 3 64 35 -999 139 1
5318 3 23 657 230 33759 -999 19 16 -999 139 0
5318 11 24 715 544 33759 -999 27 16 -999 139 0
5318 15 24 686 586 33759 -999 31 16 -999 139 0
5318 24 25 647 412 33759 -999 40 16 -999 139 0
5320 5 29 741 931 82382 3 29 24 -999 91 1
5320 15 30 576 756 82382 3 39 24 -999 91 1
5320 21 30 435 736 82382 3 45 24 -999 91 1
5320 34 31 88 932 82382 3 58 24 -999 91 1
5419 7 27 892 558 42821 -999 20 13 -999 63 0
5419 12 28 1061 1193 42821 -999 25 13 -999 63 0
5419 17 28 953 697 42821 -999 30 13 -999 63 0
5419 23 28 983 608 42821 -999 36 13 -999 63 0
5419 29 29 1145 539 42821 -999 42 13 -999 63 0
5419 35 29 1054 498 42821 -999 48 13 -999 63 0
5419 41 30 1098 818 42821 -999 54 13 -999 63 0
5487 6 36 517 1056 7755 -999 73 67 -999 140 0
5487 11 36 612 1096 7755 -999 78 67 -999 140 0
5487 18 37 800 1150 7755 -999 85 67 -999 140 0
5487 25 37 568 1026 7755 -999 92 67 -999 140 0
5487 31 38 713 1841 7755 -999 98 67 -999 140 0
5487 38 38 729 1809 7755 -999 105 67 -999 140 0
5487 46 39 508 1412 7755 -999 113 67 -999 140 0
5530 6 27 -999 -999 47618 -999 29 23 -999 137 0
5530 12 27 1014 988 47618 -999 35 23 -999 137 0
5530 18 28 830 1259 47618 -999 41 23 -999 137 0
5530 24 28 630 1449 47618 -999 47 23 -999 137 0
5530 33 29 503 1098 47618 -999 56 23 -999 137 0
5530 36 29 455 1105 47618 -999 59 23 -999 137 0
5530 42 30 526 1121 47618 -999 65 23 -999 137 0
5530 48 30 435 1185 47618 -999 71 23 -999 137 0
5563 6 32 589 754 20906 2 24 18 93 94 1
5563 12 33 653 539 20906 2 30 18 93 94 1
5563 18 33 440 596 20906 2 36 18 93 94 1
5563 24 34 763 1107 20906 2 42 18 93 94 1
5563 30 34 511 864 20906 2 48 18 93 94 1
5563 36 35 515 618 20906 2 54 18 93 94 1
5563 42 35 235 451 20906 2 60 18 93 94 1
5563 48 36 389 1055 20906 2 66 18 93 94 1
5610 6 36 528 392 16103 2 19 13 89 99 1
5610 11 36 456 328 16103 2 24 13 89 99 1
5610 17 37 459 548 16103 2 30 13 89 99 1
5610 23 37 399 495 16103 2 36 13 89 99 1
5610 29 38 261 261 16103 2 42 13 89 99 1
5610 35 38 116 555 16103 2 48 13 89 99 1
5610 41 39 86 486 16103 2 54 13 89 99 1
5610 47 39 89 486 16103 2 60 13 89 99 1
5640 11 33 588 570 -999 -999 40 29 -999 136 0
5640 14 33 826 867 -999 -999 43 29 -999 136 0
5640 20 34 273 1201 -999 -999 49 29 -999 136 0
5640 23 34 373 1201 -999 -999 52 29 -999 136 0
5640 30 34 324 703 -999 -999 59 29 -999 136 0
5640 36 35 515 1088 -999 -999 65 29 -999 136 0
5640 42 35 473 1069 -999 -999 71 29 -999 136 0
5640 48 36 409 954 -999 -999 77 29 -999 136 0
5662 7 47 1278 1081 68455 2 19 12 115 138 0
5662 12 47 605 605 68455 2 24 12 115 138 0
5662 18 48 1003 878 68455 2 30 12 115 138 0
5662 24 48 1236 752 68455 2 36 12 115 138 0
5662 30 49 1404 351 68455 2 42 12 115 138 0
5662 36 49 232 373 68455 2 48 12 115 138 0
5662 42 50 618 839 68455 2 54 12 115 138 0
5662 48 50 819 1147 68455 2 60 12 115 138 0
5746 6 46 766 988 300 -999 64 58 -999 136 0
5746 12 46 1265 872 300 -999 70 58 -999 136 0
5746 18 47 997 1099 300 -999 76 58 -999 136 0
5746 24 47 907 857 300 -999 82 58 -999 136 0
5746 30 48 1278 1055 300 -999 88 58 -999 136 0
5746 35 48 1389 2182 300 -999 93 58 -999 136 0
5746 41 49 1026 1053 300 -999 99 58 -999 136 0
5746 48 49 907 1609 300 -999 106 58 -999 136 0
5777 5 30 1018 825 5302 -999 30 25 -999 138 0
5777 11 30 658 241 5302 -999 36 25 -999 138 0
5777 18 31 1129 610 5302 -999 43 25 -999 138 0
5777 23 31 968 413 5302 -999 48 25 -999 138 0
5777 28 32 950 608 5302 -999 53 25 -999 138 0
5777 34 32 1005 913 5302 -999 59 25 -999 138 0
5777 40 33 1125 1208 5302 -999 65 25 -999 138 0
5777 46 33 914 959 5302 -999 71 25 -999 138 0
5790 6 37 446 690 29978 3 32 26 -999 116 1
5790 11 38 343 413 29978 3 37 26 -999 116 1
5790 18 38 581 348 29978 3 44 26 -999 116 1
5790 23 39 416 674 29978 3 49 26 -999 116 1
5790 29 39 265 530 29978 3 55 26 -999 116 1
5830 6 31 529 875 34301 2 21 15 111 116 1
5830 12 32 386 714 34301 2 27 15 111 116 1
5830 22 33 514 933 34301 2 37 15 111 116 1
5830 34 34 591 1834 34301 2 49 15 111 116 1
5830 42 34 492 1477 34301 2 57 15 111 116 1
5849 6 32 1147 1773 40233 1 71 65 -999 139 0
5849 16 33 740 1738 40233 1 81 65 -999 139 0
5849 22 34 693 1749 40233 1 87 65 -999 139 0
5849 28 34 410 1343 40233 1 93 65 -999 139 0
5849 34 35 567 815 40233 1 99 65 -999 139 0
5849 40 35 487 1260 40233 1 105 65 -999 139 0
5849 45 36 451 1223 40233 1 110 65 -999 139 0
5854 7 41 472 1000 -999 2 33 26 107 127 1
5854 12 42 500 457 -999 2 38 26 107 127 1
5854 18 42 535 677 -999 2 44 26 107 127 1
5863 4 38 505 559 1048 -999 50 46 -999 129 0
5863 14 38 450 1001 1048 -999 60 46 -999 129 0
5863 19 39 590 1338 1048 -999 65 46 -999 129 0
5863 26 39 451 1058 1048 -999 72 46 -999 129 0
5863 38 40 539 1243 1048 -999 84 46 -999 129 0
5863 43 41 534 1047 1048 -999 89 46 -999 129 0
5898 6 26 367 427 57375 2 35 29 -999 139 0
5898 13 27 438 579 57375 2 42 29 -999 139 0
5898 18 27 367 509 57375 2 47 29 -999 139 0
5898 21 28 449 676 57375 2 50 29 -999 139 0
5898 28 28 393 836 57375 2 57 29 -999 139 0
5898 33 29 507 1502 57375 2 62 29 -999 139 0
5898 39 29 255 644 57375 2 68 29 -999 139 0
5898 44 30 189 706 57375 2 73 29 -999 139 0
5912 6 31 867 585 9313 -999 41 35 -999 140 0
5912 11 31 771 862 9313 -999 46 35 -999 140 0
5912 17 32 674 863 9313 -999 52 35 -999 140 0
5912 24 32 901 1092 9313 -999 59 35 -999 140 0
5912 30 33 617 635 9313 -999 65 35 -999 140 0
5912 36 33 746 632 9313 -999 71 35 -999 140 0
5912 43 34 604 660 9313 -999 78 35 -999 140 0
5940 7 31 1191 958 34810 3 24 17 -999 141 1
5940 13 32 535 786 34810 3 30 17 -999 141 1
5940 20 33 768 2015 34810 3 37 17 -999 141 1
5940 29 33 626 1462 34810 3 46 17 -999 141 1
5940 34 34 558 1001 34810 3 51 17 -999 141 1
5940 39 34 516 1070 34810 3 56 17 -999 141 1
5973 5 43 297 485 2803 2 25 20 66 116 1
5973 10 43 233 849 2803 2 30 20 66 116 1
5973 17 44 290 410 2803 2 37 20 66 116 1
5973 20 44 184 771 2803 2 40 20 66 116 1
5973 26 44 505 661 2803 2 46 20 66 116 1
5973 32 45 301 695 2803 2 52 20 66 116 1
5973 39 45 101 806 2803 2 59 20 66 116 1
5973 45 46 98 794 2803 2 65 20 66 116 1
6066 6 28 476 653 -999 2 24 18 140 126 0
6066 12 29 224 640 -999 2 30 18 140 126 0
6066 18 29 801 1002 -999 2 36 18 140 126 0
6066 24 30 850 944 -999 2 42 18 140 126 0
6066 31 31 474 562 -999 2 49 18 140 126 0
6066 38 31 713 1539 -999 2 56 18 140 126 0
6066 44 32 622 906 -999 2 62 18 140 126 0
6080 6 45 447 584 37929 2 17 11 82 135 1
6080 11 45 439 673 37929 2 22 11 82 135 1
6080 17 46 287 564 37929 2 28 11 82 135 1
6080 23 46 370 594 37929 2 34 11 82 135 1
6080 29 47 274 699 37929 2 40 11 82 135 1
6080 35 47 340 1121 37929 2 46 11 82 135 1
6080 41 48 207 1210 37929 2 52 11 82 135 1
6080 47 48 166 1743 37929 2 58 11 82 135 1
6081 6 24 500 783 7930 2 23 17 76 87 1
6081 12 25 375 553 7930 2 29 17 76 87 1
6081 18 25 442 622 7930 2 35 17 76 87 1
6081 30 26 388 774 7930 2 47 17 76 87 1
6081 33 27 274 875 7930 2 50 17 76 87 1
6081 38 27 305 916 7930 2 55 17 76 87 1
6081 46 28 175 1310 7930 2 63 17 76 87 1
6095 6 34 802 311 168629 -999 21 15 -999 139 0
6095 12 35 429 308 168629 -999 27 15 -999 139 0
6095 17 35 536 473 168629 -999 32 15 -999 139 0
6095 24 36 346 585 168629 -999 39 15 -999 139 0
6095 46 38 371 375 168629 -999 61 15 -999 139 0
6097 6 40 813 513 754 -999 19 13 -999 140 0
6097 11 40 611 416 754 -999 24 13 -999 140 0
6097 17 41 862 563 754 -999 30 13 -999 140 0
6097 26 42 1285 595 754 -999 39 13 -999 140 0
6097 29 42 1032 400 754 -999 42 13 -999 140 0
6113 5 23 -999 -999 54706 3 21 16 -999 77 1
6113 14 24 -999 -999 54706 3 30 16 -999 77 1
6186 6 34 1055 1112 7331 -999 75 69 -999 140 0
6186 12 34 788 730 7331 -999 81 69 -999 140 0
6186 18 35 887 824 7331 -999 87 69 -999 140 0
6186 23 35 797 1135 7331 -999 92 69 -999 140 0
6186 30 36 937 1376 7331 -999 99 69 -999 140 0
6186 36 36 866 1340 7331 -999 105 69 -999 140 0
6189 6 56 946 900 7618 3 21 15 -999 124 1
6189 12 57 1174 773 7618 3 27 15 -999 124 1
6189 19 57 811 1014 7618 3 34 15 -999 124 1
6189 22 58 888 1071 7618 3 37 15 -999 124 1
6189 28 58 582 1163 7618 3 43 15 -999 124 1
6189 33 58 371 1310 7618 3 48 15 -999 124 1
6189 39 59 483 1425 7618 3 54 15 -999 124 1
6189 45 59 447 1214 7618 3 60 15 -999 124 1
6232 5 39 458 297 -999 2 36 31 129 138 1
6232 11 40 810 454 -999 2 42 31 129 138 1
6232 17 40 780 452 -999 2 48 31 129 138 1
6232 23 41 739 685 -999 2 54 31 129 138 1
6232 28 41 685 541 -999 2 59 31 129 138 1
6232 35 42 502 579 -999 2 66 31 129 138 1
6232 42 43 460 557 -999 2 73 31 129 138 1
6232 47 43 543 617 -999 2 78 31 129 138 1
6244 6 38 681 492 22913 -999 60 54 -999 138 0
6244 11 39 884 734 22913 -999 65 54 -999 138 0
6244 20 40 1024 789 22913 -999 74 54 -999 138 0
6244 27 40 783 522 22913 -999 81 54 -999 138 0
6244 33 41 820 746 22913 -999 87 54 -999 138 0
6244 38 41 901 459 22913 -999 92 54 -999 138 0
6244 44 42 1003 702 22913 -999 98 54 -999 138 0
6261 5 43 899 549 1159 -999 47 42 -999 138 0
6261 11 44 824 539 1159 -999 53 42 -999 138 0
6261 17 44 728 546 1159 -999 59 42 -999 138 0
6261 23 45 858 680 1159 -999 65 42 -999 138 0
6261 29 45 899 762 1159 -999 71 42 -999 138 0
6261 35 46 1007 872 1159 -999 77 42 -999 138 0
6261 41 46 819 652 1159 -999 83 42 -999 138 0
6261 47 47 987 965 1159 -999 89 42 -999 138 0
6275 6 32 797 407 2186 2 23 17 123 133 1
6275 13 33 916 361 2186 2 30 17 123 133 1
6275 20 34 918 506 2186 2 37 17 123 133 1
6275 24 34 1345 365 2186 2 41 17 123 133 1
6275 35 35 821 772 2186 2 52 17 123 133 1
6330 9 38 494 598 162313 2 27 18 81 89 1
6330 13 38 744 1176 162313 2 31 18 81 89 1
6330 23 39 612 1136 162313 2 41 18 81 89 1
6330 31 40 368 1161 162313 2 49 18 81 89 1
6330 39 40 274 1112 162313 2 57 18 81 89 1
6330 43 41 185 496 162313 2 61 18 81 89 1
6358 7 26 744 1016 11518 3 18 11 -999 128 1
6358 14 27 530 572 11518 3 25 11 -999 128 1
6358 19 27 680 825 11518 3 30 11 -999 128 1
6370 6 33 269 419 22207 2 31 25 -999 133 0
6370 12 34 276 994 22207 2 37 25 -999 133 0
6370 18 34 224 1015 22207 2 43 25 -999 133 0
6370 24 35 73 174 22207 2 49 25 -999 133 0
6370 27 35 233 435 22207 2 52 25 -999 133 0
6370 34 35 161 578 22207 2 59 25 -999 133 0
6370 39 36 263 957 22207 2 64 25 -999 133 0
6370 46 36 403 1229 22207 2 71 25 -999 133 0
6400 10 28 641 354 -999 1 32 22 -999 71 1
6400 34 30 462 412 -999 1 56 22 -999 71 1
6400 40 31 720 933 -999 1 62 22 -999 71 1
6400 46 31 510 576 -999 1 68 22 -999 71 1
6415 6 47 721 500 -999 -999 75 69 -999 141 0
6415 12 47 583 428 -999 -999 81 69 -999 141 0
6415 18 48 647 482 -999 -999 87 69 -999 141 0
6415 24 48 400 710 -999 -999 93 69 -999 141 0
6415 30 49 538 890 -999 -999 99 69 -999 141 0
6415 35 49 468 1103 -999 -999 104 69 -999 141 0
6415 42 50 505 1205 -999 -999 111 69 -999 141 0
6415 48 50 386 2038 -999 -999 117 69 -999 141 0
6475 6 55 376 242 133519 2 33 27 71 90 1
6475 12 56 536 182 133519 2 39 27 71 90 1
6475 18 56 378 198 133519 2 45 27 71 90 1
6475 24 57 451 583 133519 2 51 27 71 90 1
6475 30 57 269 617 133519 2 57 27 71 90 1
6475 36 58 298 441 133519 2 63 27 71 90 1
6475 43 58 125 408 133519 2 70 27 71 90 1
6475 47 59 203 398 133519 2 74 27 71 90 1
6557 5 37 1065 418 23668 -999 18 13 -999 112 0
6557 10 37 556 301 23668 -999 23 13 -999 112 0
6559 7 30 986 986 10515 -999 23 16 -999 137 0
6559 15 31 1072 1099 10515 -999 31 16 -999 137 0
6559 19 31 1457 1179 10515 -999 35 16 -999 137 0
6559 26 32 1579 1373 10515 -999 42 16 -999 137 0
6559 35 33 1556 1450 10515 -999 51 16 -999 137 0
6559 41 33 1559 1854 10515 -999 57 16 -999 137 0
6559 47 34 1784 1492 10515 -999 63 16 -999 137 0
6671 6 46 466 1099 -999 2 50 44 119 134 0
6671 12 46 351 839 -999 2 56 44 119 134 0
6671 19 47 256 707 -999 2 63 44 119 134 0
6671 24 47 386 787 -999 2 68 44 119 134 0
6671 30 48 285 539 -999 2 74 44 119 134 0
6671 36 48 354 816 -999 2 80 44 119 134 0
6671 42 49 368 864 -999 2 86 44 119 134 0
6671 48 49 317 875 -999 2 92 44 119 134 0
6681 7 28 823 554 -999 -999 83 76 -999 136 0
6681 13 29 1207 751 -999 -999 89 76 -999 136 0
6681 19 29 890 521 -999 -999 95 76 -999 136 0
6681 25 30 1040 680 -999 -999 101 76 -999 136 0
6681 31 30 1058 778 -999 -999 107 76 -999 136 0
6681 36 31 721 491 -999 -999 112 76 -999 136 0
6681 42 31 814 722 -999 -999 118 76 -999 136 0
6734 5 26 618 1187 101254 2 27 22 98 128 1
6734 10 26 514 1071 101254 2 32 22 98 128 1
6734 16 27 389 846 101254 2 38 22 98 128 1
6734 22 27 486 846 101254 2 44 22 98 128 1
6734 31 28 234 793 101254 2 53 22 98 128 1
6742 6 28 360 351 18612 2 22 16 -999 90 0
6742 12 29 512 875 18612 2 28 16 -999 90 0
6742 18 29 373 469 18612 2 34 16 -999 90 0
6742 24 30 704 1607 18612 2 40 16 -999 90 0
6742 30 30 250 825 18612 2 46 16 -999 90 0
6742 34 31 202 933 18612 2 50 16 -999 90 0
6742 39 31 174 954 18612 2 55 16 -999 90 0
6742 45 32 202 1080 18612 2 61 16 -999 90 0
6765 7 36 622 948 111783 2 21 14 73 94 1
6765 12 37 479 755 111783 2 26 14 73 94 1
6765 18 37 553 854 111783 2 32 14 73 94 1
6765 24 38 460 1334 111783 2 38 14 73 94 1
6765 32 38 315 1097 111783 2 46 14 73 94 1
6765 40 39 134 545 111783 2 54 14 73 94 1
6765 45 39 127 1111 111783 2 59 14 73 94 1
6769 6 39 714 754 13713 2 22 16 122 130 1
6769 14 40 519 1079 13713 2 30 16 122 130 1
6769 19 40 614 891 13713 2 35 16 122 130 1
6769 24 41 451 956 13713 2 40 16 122 130 1
6773 7 43 418 683 30580 -999 24 17 -999 138 0
6773 18 44 328 491 30580 -999 35 17 -999 138 0
6773 25 45 465 624 30580 -999 42 17 -999 138 0
6773 32 46 400 784 30580 -999 49 17 -999 138 0
6782 6 40 713 1675 34639 -999 53 47 -999 136 0
6782 12 40 1140 708 34639 -999 59 47 -999 136 0
6782 21 41 599 2318 34639 -999 68 47 -999 136 0
6782 27 42 556 1083 34639 -999 74 47 -999 136 0
6782 33 42 593 2018 34639 -999 80 47 -999 136 0
6782 39 43 592 1861 34639 -999 86 47 -999 136 0
6782 45 43 626 1357 34639 -999 92 47 -999 136 0
6785 6 37 -999 -999 67788 2 29 23 104 137 0
6785 12 37 1319 400 67788 2 35 23 104 137 0
6785 18 38 930 292 67788 2 41 23 104 137 0
6785 24 38 790 324 67788 2 47 23 104 137 0
6785 30 39 898 836 67788 2 53 23 104 137 0
6785 36 39 716 429 67788 2 59 23 104 137 0
6785 42 40 718 718 67788 2 65 23 104 137 0
6785 48 40 718 564 67788 2 71 23 104 137 0
6801 6 27 390 168 41266 2 21 15 61 72 1
6801 11 28 677 490 41266 2 26 15 61 72 1
6801 18 28 871 1137 41266 2 33 15 61 72 1
6801 24 29 284 1835 41266 2 39 15 61 72 1
6801 29 29 628 646 41266 2 44 15 61 72 1
6801 35 30 272 306 41266 2 50 15 61 72 1
6801 40 30 -999 -999 41266 2 55 15 61 72 1
6801 46 31 65 229 41266 2 61 15 61 72 1
6841 6 29 1273 724 21222 -999 33 27 -999 111 0
6874 6 29 529 476 108652 2 79 73 116 139 1
6874 12 30 395 447 108652 2 85 73 116 139 1
6874 18 30 421 724 108652 2 91 73 116 139 1
6874 24 31 346 798 108652 2 97 73 116 139 1
6874 31 31 204 522 108652 2 104 73 116 139 1
6874 36 32 138 466 108652 2 109 73 116 139 1
6874 42 32 94 442 108652 2 115 73 116 139 1
6910 6 48 667 667 68824 -999 25 19 -999 140 0
6910 12 48 587 770 68824 -999 31 19 -999 140 0
6910 18 49 449 650 68824 -999 37 19 -999 140 0
6910 24 49 575 654 68824 -999 43 19 -999 140 0
6910 31 50 457 1548 68824 -999 50 19 -999 140 0
6910 36 50 452 648 68824 -999 55 19 -999 140 0
6910 42 51 211 766 68824 -999 61 19 -999 140 0
6910 48 51 307 760 68824 -999 67 19 -999 140 0
6963 6 43 735 700 88048 3 74 68 -999 133 1
6963 13 43 707 690 88048 3 81 68 -999 133 1
6963 19 44 662 645 88048 3 87 68 -999 133 1
6963 25 44 501 630 88048 3 93 68 -999 133 1
6963 30 45 640 689 88048 3 98 68 -999 133 1
6963 37 45 428 772 88048 3 105 68 -999 133 1
6963 43 46 452 774 88048 3 111 68 -999 133 1
6980 6 41 1160 487 632 1 34 28 -999 139 1
6980 12 42 732 349 632 1 40 28 -999 139 1
6980 18 42 1037 553 632 1 46 28 -999 139 1
6980 24 43 798 609 632 1 52 28 -999 139 1
6980 30 43 893 516 632 1 58 28 -999 139 1
6980 36 44 955 457 632 1 64 28 -999 139 1
6980 43 44 729 434 632 1 71 28 -999 139 1
6980 48 45 878 369 632 1 76 28 -999 139 1
7008 6 45 744 339 25124 -999 78 72 -999 138 0
7008 12 45 805 531 25124 -999 84 72 -999 138 0
7008 18 46 470 414 25124 -999 90 72 -999 138 0
7008 24 46 412 433 25124 -999 96 72 -999 138 0
7008 30 47 386 418 25124 -999 102 72 -999 138 0
7008 36 47 323 340 25124 -999 108 72 -999 138 0
7008 42 48 250 375 25124 -999 114 72 -999 138 0
7008 48 48 242 496 25124 -999 120 72 -999 138 0
7060 7 40 590 819 11993 1 42 35 -999 140 0
7060 14 41 563 762 11993 1 49 35 -999 140 0
7060 19 41 411 570 11993 1 54 35 -999 140 0
7060 26 42 439 645 11993 1 61 35 -999 140 0
7060 32 42 351 538 11993 1 67 35 -999 140 0
7060 39 43 418 613 11993 1 74 35 -999 140 0
7062 6 37 1176 578 522 -999 40 34 -999 137 0
7062 15 38 1190 626 522 -999 49 34 -999 137 0
7062 20 38 1379 613 522 -999 54 34 -999 137 0
7062 27 39 831 636 522 -999 61 34 -999 137 0
7062 33 39 821 558 522 -999 67 34 -999 137 0
7062 39 40 840 538 522 -999 73 34 -999 137 0
7062 44 40 1189 627 522 -999 78 34 -999 137 0
7087 6 28 399 660 7870 -999 23 17 -999 133 0
7087 11 29 505 631 7870 -999 28 17 -999 133 0
7087 27 30 393 786 7870 -999 44 17 -999 133 0
7087 32 31 402 836 7870 -999 49 17 -999 133 0
7087 37 31 356 992 7870 -999 54 17 -999 133 0
7087 44 32 259 648 7870 -999 61 17 -999 133 0
7143 5 22 1208 795 -999 1 38 33 -999 138 1
7143 11 22 1714 1510 -999 1 44 33 -999 138 1
7143 18 23 1814 1183 -999 1 51 33 -999 138 1
7143 24 23 1771 1232 -999 1 57 33 -999 138 1
7143 31 24 1537 1366 -999 1 64 33 -999 138 1
7143 37 24 2434 1639 -999 1 70 33 -999 138 1
7143 43 25 1510 1030 -999 1 76 33 -999 138 1
7143 46 25 1488 899 -999 1 79 33 -999 138 1
7145 6 26 448 1299 114014 2 77 71 115 128 1
7145 13 26 430 1561 114014 2 84 71 115 128 1
7145 18 27 421 1611 114014 2 89 71 115 128 1
7145 24 27 405 1404 114014 2 95 71 115 128 1
7145 29 28 314 1114 114014 2 100 71 115 128 1
7145 44 29 90 1016 114014 2 115 71 115 128 1
7146 6 29 1196 1025 46388 -999 81 75 -999 140 0
7146 12 30 1253 1315 46388 -999 87 75 -999 140 0
7146 17 30 808 1045 46388 -999 92 75 -999 140 0
7146 23 31 921 1683 46388 -999 98 75 -999 140 0
7146 28 31 752 1684 46388 -999 103 75 -999 140 0
7146 35 32 774 1971 46388 -999 110 75 -999 140 0
7146 41 32 248 758 46388 -999 116 75 -999 140 0
7146 47 33 530 990 46388 -999 122 75 -999 140 0
7152 6 28 662 1049 57932 -999 22 16 -999 139 0
7152 12 29 619 1157 57932 -999 28 16 -999 139 0
7152 17 29 504 968 57932 -999 33 16 -999 139 0
7152 22 30 580 1060 57932 -999 38 16 -999 139 0
7152 29 30 665 1227 57932 -999 45 16 -999 139 0
7152 34 31 375 735 57932 -999 50 16 -999 139 0
7152 39 31 381 702 57932 -999 55 16 -999 139 0
7152 46 32 527 1055 57932 -999 62 16 -999 139 0
7171 6 39 364 416 36837 -999 17 11 -999 137 0
7171 12 39 298 552 36837 -999 23 11 -999 137 0
7171 18 40 285 604 36837 -999 29 11 -999 137 0
7171 24 40 622 867 36837 -999 35 11 -999 137 0
7171 30 41 837 883 36837 -999 41 11 -999 137 0
7171 36 41 520 1061 36837 -999 47 11 -999 137 0
7171 42 42 279 1255 36837 -999 53 11 -999 137 0
7171 48 42 579 1116 36837 -999 59 11 -999 137 0
7217 6 35 902 846 2240 -999 27 21 -999 137 0
7217 13 35 809 629 2240 -999 34 21 -999 137 0
7217 18 36 374 612 2240 -999 39 21 -999 137 0
7217 25 36 684 983 2240 -999 46 21 -999 137 0
7217 41 38 725 1224 2240 -999 62 21 -999 137 0
7217 47 38 785 1379 2240 -999 68 21 -999 137 0
7224 5 28 770 712 25526 -999 21 16 -999 142 0
7224 12 29 725 673 25526 -999 28 16 -999 142 0
7224 18 29 708 761 25526 -999 34 16 -999 142 0
7224 26 30 803 632 25526 -999 42 16 -999 142 0
7224 34 31 552 820 25526 -999 50 16 -999 142 0
7225 6 32 357 530 36118 2 88 82 141 140 0
7225 12 32 357 517 36118 2 94 82 141 140 0
7225 18 33 269 661 36118 2 100 82 141 140 0
7225 24 33 417 715 36118 2 106 82 141 140 0
7225 30 34 295 436 36118 2 112 82 141 140 0
7225 36 34 237 483 36118 2 118 82 141 140 0
7225 42 35 125 417 36118 2 124 82 141 140 0
7225 48 35 74 271 36118 2 130 82 141 140 0
7278 6 36 -999 -999 8065 -999 29 23 -999 82 0
7278 12 36 664 557 8065 -999 35 23 -999 82 0
7278 18 37 587 771 8065 -999 41 23 -999 82 0
7278 28 38 499 775 8065 -999 51 23 -999 82 0
7278 34 38 486 736 8065 -999 57 23 -999 82 0
7278 40 39 805 1021 8065 -999 63 23 -999 82 0
7278 46 39 400 740 8065 -999 69 23 -999 82 0
7288 6 31 1113 1007 8838 1 35 29 -999 136 0
7288 12 32 741 808 8838 1 41 29 -999 136 0
7288 18 32 503 604 8838 1 47 29 -999 136 0
7288 24 33 950 685 8838 1 53 29 -999 136 0
7288 30 33 716 993 8838 1 59 29 -999 136 0
7288 36 34 690 1035 8838 1 65 29 -999 136 0
7288 42 34 705 926 8838 1 71 29 -999 136 0
7288 48 35 412 986 8838 1 77 29 -999 136 0
7301 6 36 559 985 450 2 35 29 134 124 1
7301 12 37 481 1527 450 2 41 29 134 124 1
7301 21 38 348 1092 450 2 50 29 134 124 1
7301 26 38 392 1198 450 2 55 29 134 124 1
7301 33 39 498 1174 450 2 62 29 134 124 1
7317 9 26 587 826 -999 -999 61 52 -999 125 0
7317 19 26 575 821 -999 -999 71 52 -999 125 0
7317 44 28 530 1040 -999 -999 96 52 -999 125 0
7417 6 30 836 475 -999 -999 38 32 -999 138 0
7417 12 30 566 755 -999 -999 44 32 -999 138 0
7417 18 31 845 458 -999 -999 50 32 -999 138 0
7417 25 31 605 739 -999 -999 57 32 -999 138 0
7417 31 32 527 1170 -999 -999 63 32 -999 138 0
7417 38 32 777 777 -999 -999 70 32 -999 138 0
7417 45 33 476 825 -999 -999 77 32 -999 138 0
7456 6 46 -999 -999 15222 1 29 23 -999 86 1
7456 12 46 1521 603 15222 1 35 23 -999 86 1
7456 18 47 1122 428 15222 1 41 23 -999 86 1
7456 24 47 991 485 15222 1 47 23 -999 86 1
7456 30 48 1199 1171 15222 1 53 23 -999 86 1
7456 36 48 833 527 15222 1 59 23 -999 86 1
7456 42 49 845 653 15222 1 65 23 -999 86 1
7456 48 49 693 484 15222 1 71 23 -999 86 1
7485 4 40 358 608 264797 2 39 35 82 102 1
7485 7 40 359 777 264797 2 42 35 82 102 1
7485 12 40 351 846 264797 2 47 35 82 102 1
7485 18 41 305 442 264797 2 53 35 82 102 1
7485 24 41 293 679 264797 2 59 35 82 102 1
7485 29 42 230 837 264797 2 64 35 82 102 1
7485 35 42 130 816 264797 2 70 35 82 102 1
7485 42 43 68 611 264797 2 77 35 82 102 1
7485 48 43 28 430 264797 2 83 35 82 102 1
7491 3 35 606 881 96816 -999 48 45 -999 137 0
7491 9 36 431 1023 96816 -999 54 45 -999 137 0
7491 15 36 473 1255 96816 -999 60 45 -999 137 0
7491 21 37 370 964 96816 -999 66 45 -999 137 0
7491 28 38 346 773 96816 -999 73 45 -999 137 0
7491 33 38 304 690 96816 -999 78 45 -999 137 0
7491 38 38 349 904 96816 -999 83 45 -999 137 0
7491 45 39 138 449 96816 -999 90 45 -999 137 0
7500 6 39 556 774 1076 2 72 66 121 137 1
7500 13 40 786 1460 1076 2 79 66 121 137 1
7500 18 40 604 1908 1076 2 84 66 121 137 1
7500 24 41 421 2009 1076 2 90 66 121 137 1
7500 30 41 352 2045 1076 2 96 66 121 137 1
7500 36 42 137 1494 1076 2 102 66 121 137 1
7500 42 42 87 906 1076 2 108 66 121 137 1
7500 47 43 33 630 1076 2 113 66 121 137 1
7513 4 28 510 827 72725 3 49 45 -999 119 1
7513 10 28 514 779 72725 3 55 45 -999 119 1
7513 14 28 500 612 72725 3 59 45 -999 119 1
7513 20 29 592 858 72725 3 65 45 -999 119 1
7513 25 29 482 757 72725 3 70 45 -999 119 1
7513 31 30 710 1183 72725 3 76 45 -999 119 1
7513 37 30 860 994 72725 3 82 45 -999 119 1
7513 44 31 768 941 72725 3 89 45 -999 119 1
7522 11 29 -999 -999 -999 -999 41 30 -999 140 0
7522 15 29 481 769 -999 -999 45 30 -999 140 0
7522 21 30 1039 634 -999 -999 51 30 -999 140 0
7522 28 30 629 527 -999 -999 58 30 -999 140 0
7522 31 31 1014 789 -999 -999 61 30 -999 140 0
7522 47 32 599 850 -999 -999 77 30 -999 140 0
7531 6 51 396 1147 181514 2 91 85 103 140 0
7531 12 52 442 1303 181514 2 97 85 103 140 0
7531 18 52 304 840 181514 2 103 85 103 140 0
7628 10 29 969 747 8060 2 26 16 121 129 1
7628 16 29 761 1356 8060 2 32 16 121 129 1
7628 22 30 669 2255 8060 2 38 16 121 129 1
7628 28 30 594 1576 8060 2 44 16 121 129 1
7628 34 31 286 1462 8060 2 50 16 121 129 1
7628 40 31 243 1653 8060 2 56 16 121 129 1
7628 45 32 557 3018 8060 2 61 16 121 129 1
7655 7 56 396 1069 7903 -999 76 69 -999 140 0
7655 13 56 276 584 7903 -999 82 69 -999 140 0
7655 18 57 328 630 7903 -999 87 69 -999 140 0
7655 24 57 192 876 7903 -999 93 69 -999 140 0
7655 30 58 256 1010 7903 -999 99 69 -999 140 0
7655 36 58 222 1042 7903 -999 105 69 -999 140 0
7655 42 59 296 1284 7903 -999 111 69 -999 140 0
7655 47 59 130 626 7903 -999 116 69 -999 140 0
7701 7 42 804 938 45923 2 54 47 73 103 1
7701 13 42 484 1276 45923 2 60 47 73 103 1
7701 20 43 168 294 45923 2 67 47 73 103 1
7701 26 44 153 306 45923 2 73 47 73 103 1
7701 33 44 85 349 45923 2 80 47 73 103 1
7701 39 45 23 202 45923 2 86 47 73 103 1
7701 45 45 19 159 45923 2 92 47 73 103 1
7711 6 32 878 928 25175 -999 21 15 -999 141 0
7711 11 33 612 741 25175 -999 26 15 -999 141 0
7711 18 33 563 810 25175 -999 33 15 -999 141 0
7711 24 34 924 778 25175 -999 39 15 -999 141 0
7711 30 34 384 1488 25175 -999 45 15 -999 141 0
7711 36 35 765 539 25175 -999 51 15 -999 141 0
7711 42 35 526 1272 25175 -999 57 15 -999 141 0
7744 6 50 397 764 55187 2 26 20 98 114 1
7744 13 50 -999 -999 55187 2 33 20 98 114 1
7744 19 51 208 907 55187 2 39 20 98 114 1
7744 33 52 441 723 55187 2 53 20 98 114 1
7744 38 52 370 636 55187 2 58 20 98 114 1
7744 43 53 629 546 55187 2 63 20 98 114 1
7746 6 39 931 677 7611 2 28 22 112 107 1
7746 13 39 886 649 7611 2 35 22 112 107 1
7746 19 40 910 534 7611 2 41 22 112 107 1
7746 25 40 471 578 7611 2 47 22 112 107 1
7746 30 41 327 860 7611 2 52 22 112 107 1
7746 36 41 295 647 7611 2 58 22 112 107 1
7746 42 42 83 414 7611 2 64 22 112 107 1
7747 6 32 866 746 1199 -999 24 18 -999 139 0
7747 12 33 941 590 1199 -999 30 18 -999 139 0
7747 19 34 714 561 1199 -999 37 18 -999 139 0
7747 24 34 843 533 1199 -999 42 18 -999 139 0
7747 31 35 755 832 1199 -999 49 18 -999 139 0
7747 38 35 686 721 1199 -999 56 18 -999 139 0
7747 44 36 389 432 1199 -999 62 18 -999 139 0
7871 6 29 749 770 -999 -999 51 45 -999 141 0
7871 12 29 675 675 -999 -999 57 45 -999 141 0
7871 18 30 690 873 -999 -999 63 45 -999 141 0
7871 26 30 928 1237 -999 -999 71 45 -999 141 0
7871 33 31 716 1109 -999 -999 78 45 -999 141 0
7871 36 31 544 807 -999 -999 81 45 -999 141 0
7871 42 32 558 1646 -999 -999 87 45 -999 141 0
7871 47 32 558 901 -999 -999 92 45 -999 141 0
7909 5 23 -999 -999 4480 -999 20 15 -999 136 0
7922 5 29 819 959 82708 3 50 45 -999 141 1
7922 8 29 466 736 82708 3 53 45 -999 141 1
7922 14 29 382 494 82708 3 59 45 -999 141 1
7922 20 30 332 618 82708 3 65 45 -999 141 1
7922 30 31 371 461 82708 3 75 45 -999 141 1
7942 10 32 451 643 6122 2 30 20 82 141 0
7942 16 32 443 620 6122 2 36 20 82 141 0
7942 22 33 499 441 6122 2 42 20 82 141 0
7942 28 33 606 863 6122 2 48 20 82 141 0
7942 34 34 347 525 6122 2 54 20 82 141 0
7942 40 34 478 527 6122 2 60 20 82 141 0
7942 46 35 330 382 6122 2 66 20 82 141 0
7980 6 29 390 482 31912 2 27 21 106 141 0
7980 12 29 467 585 31912 2 33 21 106 141 0
7980 18 30 540 1032 31912 2 39 21 106 141 0
7980 25 30 335 806 31912 2 46 21 106 141 0
7980 42 32 279 1032 31912 2 63 21 106 141 0
7990 5 35 994 1186 -999 3 37 32 -999 140 1
7990 18 36 858 1815 -999 3 50 32 -999 140 1
7990 23 36 482 982 -999 3 55 32 -999 140 1
7990 35 37 553 1180 -999 3 67 32 -999 140 1
7990 42 38 787 1542 -999 3 74 32 -999 140 1
7990 48 38 850 1125 -999 3 80 32 -999 140 1
8111 6 36 414 459 -999 -999 26 20 -999 70 0
8111 13 36 472 745 -999 -999 33 20 -999 70 0
8111 19 37 333 642 -999 -999 39 20 -999 70 0
8111 26 37 346 547 -999 -999 46 20 -999 70 0
8111 33 38 367 775 -999 -999 53 20 -999 70 0
8115 7 34 686 574 -999 2 43 36 131 141 0
8115 21 35 385 743 -999 2 57 36 131 141 0
8115 28 36 562 995 -999 2 64 36 131 141 0
8115 30 36 715 825 -999 2 66 36 131 141 0
8115 37 37 383 447 -999 2 73 36 131 141 0
8115 44 37 226 382 -999 2 80 36 131 141 0
8152 7 47 1380 455 4116 2 26 19 134 135 1
8152 13 47 926 379 4116 2 32 19 134 135 1
8152 19 48 1408 885 4116 2 38 19 134 135 1
8152 27 48 1231 1096 4116 2 46 19 134 135 1
8152 30 49 828 492 4116 2 49 19 134 135 1
8152 34 49 551 371 4116 2 53 19 134 135 1
8152 42 50 632 396 4116 2 61 19 134 135 1
8152 48 50 722 850 4116 2 67 19 134 135 1
8156 6 41 328 543 16165 1 29 23 -999 79 1
8156 12 41 480 795 16165 1 35 23 -999 79 1
8156 19 42 224 502 16165 1 42 23 -999 79 1
8156 25 42 440 798 16165 1 48 23 -999 79 1
8156 31 43 306 496 16165 1 54 23 -999 79 1
8156 37 43 202 296 16165 1 60 23 -999 79 1
8156 43 44 240 335 16165 1 66 23 -999 79 1
8179 6 27 413 399 10197 1 18 12 -999 141 1
8179 15 28 633 502 10197 1 27 12 -999 141 1
8179 32 29 -999 -999 10197 1 44 12 -999 141 1
8179 45 30 458 509 10197 1 57 12 -999 141 1
8194 7 40 319 434 -999 -999 75 68 -999 137 0
8194 13 40 526 483 -999 -999 81 68 -999 137 0
8194 19 41 372 394 -999 -999 87 68 -999 137 0
8194 25 41 376 399 -999 -999 93 68 -999 137 0
8194 31 42 664 511 -999 -999 99 68 -999 137 0
8194 37 42 589 656 -999 -999 105 68 -999 137 0
8194 43 43 610 636 -999 -999 111 68 -999 137 0
8194 48 43 584 531 -999 -999 116 68 -999 137 0
8221 5 35 575 837 27986 2 54 49 136 140 0
8221 9 35 530 1116 27986 2 58 49 136 140 0
8221 19 36 452 1150 27986 2 68 49 136 140 0
8221 25 37 403 698 27986 2 74 49 136 140 0
8221 31 37 471 958 27986 2 80 49 136 140 0
8221 37 38 421 1176 27986 2 86 49 136 140 0
8221 43 38 439 1224 27986 2 92 49 136 140 0
8246 6 50 1915 718 1384 1 21 15 -999 96 1
8246 12 51 1391 1027 1384 1 27 15 -999 96 1
8246 16 51 1417 1943 1384 1 31 15 -999 96 1
8246 25 52 1534 959 1384 1 40 15 -999 96 1
8246 31 52 466 1013 1384 1 46 15 -999 96 1
8246 37 53 1041 792 1384 1 52 15 -999 96 1
8246 43 53 663 956 1384 1 58 15 -999 96 1
8246 46 54 783 859 1384 1 61 15 -999 96 1
8253 6 34 866 524 5323 1 35 29 -999 135 0
8253 13 35 704 419 5323 1 42 29 -999 135 0
8253 18 35 757 634 5323 1 47 29 -999 135 0
8253 26 36 726 531 5323 1 55 29 -999 135 0
8253 30 36 508 616 5323 1 59 29 -999 135 0
8253 36 37 721 649 5323 1 65 29 -999 135 0
8253 44 38 624 655 5323 1 73 29 -999 135 0
8269 6 32 499 780 92763 2 28 22 47 76 1
8269 12 32 -999 -999 92763 2 34 22 47 76 1
8269 19 33 382 916 92763 2 41 22 47 76 1
8269 25 33 471 1240 92763 2 47 22 47 76 1
8269 34 34 66 795 92763 2 56 22 47 76 1
8269 37 34 22 729 92763 2 59 22 47 76 1
8293 7 37 881 997 13442 2 20 13 69 89 1
8293 12 38 459 811 13442 2 25 13 69 89 1
8293 18 38 466 1039 13442 2 31 13 69 89 1
8293 26 39 305 950 13442 2 39 13 69 89 1
8293 31 39 264 1379 13442 2 44 13 69 89 1
8293 38 40 130 1280 13442 2 51 13 69 89 1
8293 45 40 40 1132 13442 2 58 13 69 89 1
8341 7 39 527 928 101033 2 36 29 116 108 1
8341 14 40 487 852 101033 2 43 29 116 108 1
8341 21 41 423 1115 101033 2 50 29 116 108 1
8341 28 41 446 943 101033 2 57 29 116 108 1
8341 34 42 605 867 101033 2 63 29 116 108 1
8341 39 42 534 975 101033 2 68 29 116 108 1
8341 46 43 387 484 101033 2 75 29 116 108 1
8363 6 43 551 1224 177755 2 36 30 116 111 1
8363 18 44 471 850 177755 2 48 30 116 111 1
8363 25 45 454 1134 177755 2 55 30 116 111 1
8363 31 46 463 944 177755 2 61 30 116 111 1
8363 38 46 281 800 177755 2 68 30 116 111 1
8363 46 47 218 1092 177755 2 76 30 116 111 1
8364 5 24 483 243 4735 2 26 21 -999 136 0
8418 7 33 1459 2275 2461 -999 70 63 -999 136 0
8418 12 34 1294 2033 2461 -999 75 63 -999 136 0
8418 18 34 1314 1376 2461 -999 81 63 -999 136 0
8418 24 35 947 1503 2461 -999 87 63 -999 136 0
8418 30 35 1100 2124 2461 -999 93 63 -999 136 0
8418 36 36 1707 1187 2461 -999 99 63 -999 136 0
8418 42 36 1338 2474 2461 -999 105 63 -999 136 0
8435 7 29 437 752 85200 2 25 18 85 93 1
8435 12 29 312 811 85200 2 30 18 85 93 1
8435 18 29 260 547 85200 2 36 18 85 93 1
8435 23 30 127 705 85200 2 41 18 85 93 1
8435 29 30 92 615 85200 2 47 18 85 93 1
8435 36 31 108 783 85200 2 54 18 85 93 1
8435 41 31 196 982 85200 2 59 18 85 93 1
8435 46 32 160 886 85200 2 64 18 85 93 1
8441 6 24 811 1240 -999 2 33 27 117 122 0
8441 11 25 887 1257 -999 2 38 27 117 122 0
8441 17 25 616 766 -999 2 44 27 117 122 0
8441 24 26 564 737 -999 2 51 27 117 122 0
8441 29 26 512 815 -999 2 56 27 117 122 0
8441 36 27 461 843 -999 2 63 27 117 122 0
8441 43 27 535 1067 -999 2 70 27 117 122 0
8488 3 48 429 1007 31400 2 71 68 103 117 1
8488 10 49 341 905 31400 2 78 68 103 117 1
8488 16 49 336 708 31400 2 84 68 103 117 1
8488 22 50 373 1179 31400 2 90 68 103 117 1
8488 28 50 204 592 31400 2 96 68 103 117 1
8488 34 51 172 664 31400 2 102 68 103 117 1
8488 41 52 53 670 31400 2 109 68 103 117 1
8488 48 52 34 562 31400 2 116 68 103 117 1
8528 10 30 867 896 41417 2 23 13 -999 135 0
8528 18 31 316 849 41417 2 31 13 -999 135 0
8528 27 32 705 826 41417 2 40 13 -999 135 0
8528 36 33 890 1062 41417 2 49 13 -999 135 0
8528 43 33 551 959 41417 2 56 13 -999 135 0
8528 47 33 794 1349 41417 2 60 13 -999 135 0
8540 5 45 983 764 -999 2 43 38 131 136 0
8540 11 46 683 1256 -999 2 49 38 131 136 0
8540 17 46 753 1275 -999 2 55 38 131 136 0
8540 22 46 686 1785 -999 2 60 38 131 136 0
8540 26 47 576 2067 -999 2 64 38 131 136 0
8540 33 47 647 1908 -999 2 71 38 131 136 0
8540 39 48 672 1664 -999 2 77 38 131 136 0
8540 45 48 935 1153 -999 2 83 38 131 136 0
8559 8 41 380 662 100437 -999 67 59 -999 140 0
8559 15 42 651 823 100437 -999 74 59 -999 140 0
8559 23 42 525 1114 100437 -999 82 59 -999 140 0
8559 29 43 590 1225 100437 -999 88 59 -999 140 0
8559 40 44 452 1049 100437 -999 99 59 -999 140 0
8587 5 25 739 370 -999 -999 24 19 -999 91 0
8587 38 28 688 529 -999 -999 57 19 -999 91 0
8629 12 21 791 363 3034 2 27 15 136 133 1
8629 19 21 611 301 3034 2 34 15 136 133 1
8629 25 22 1011 372 3034 2 40 15 136 133 1
8629 31 22 338 536 3034 2 46 15 136 133 1
8629 34 23 369 522 3034 2 49 15 136 133 1
8629 41 23 411 627 3034 2 56 15 136 133 1
8629 45 23 311 658 3034 2 60 15 136 133 1
8689 6 40 853 595 -999 -999 86 80 -999 140 0
8689 12 40 1116 501 -999 -999 92 80 -999 140 0
8689 18 41 706 745 -999 -999 98 80 -999 140 0
8689 24 41 824 655 -999 -999 104 80 -999 140 0
8689 30 42 628 647 -999 -999 110 80 -999 140 0
8689 36 42 717 874 -999 -999 116 80 -999 140 0
8689 43 43 632 759 -999 -999 123 80 -999 140 0
8689 48 43 562 972 -999 -999 128 80 -999 140 0
8692 6 36 636 642 7455 2 20 14 117 122 1
8692 12 37 467 353 7455 2 26 14 117 122 1
8692 18 37 451 554 7455 2 32 14 117 122 1
8692 25 38 306 596 7455 2 39 14 117 122 1
8692 33 38 333 624 7455 2 47 14 117 122 1
8692 40 39 274 523 7455 2 54 14 117 122 1
8774 3 32 380 511 57802 2 23 20 -999 141 0
8774 10 33 350 635 57802 2 30 20 -999 141 0
8774 16 33 272 452 57802 2 36 20 -999 141 0
8774 22 34 569 1169 57802 2 42 20 -999 141 0
8774 27 34 266 808 57802 2 47 20 -999 141 0
8774 30 35 215 929 57802 2 50 20 -999 141 0
8774 35 35 221 756 57802 2 55 20 -999 141 0
8774 41 36 262 781 57802 2 61 20 -999 141 0
8774 47 36 299 1116 57802 2 67 20 -999 141 0
8790 6 27 576 684 19852 -999 41 35 -999 139 0
8790 12 27 370 457 19852 -999 47 35 -999 139 0
8790 18 28 616 599 19852 -999 53 35 -999 139 0
8790 25 28 652 652 19852 -999 60 35 -999 139 0
8790 31 29 566 666 19852 -999 66 35 -999 139 0
8790 37 29 945 999 19852 -999 72 35 -999 139 0
8790 42 30 474 526 19852 -999 77 35 -999 139 0
8854 5 53 1219 1335 103057 -999 86 81 -999 135 0
8854 10 53 1417 1223 103057 -999 91 81 -999 135 0
8854 16 54 975 2015 103057 -999 97 81 -999 135 0
8854 24 54 1071 1323 103057 -999 105 81 -999 135 0
8854 30 55 1349 1562 103057 -999 111 81 -999 135 0
8854 35 55 1224 1683 103057 -999 116 81 -999 135 0
8854 44 56 1548 2544 103057 -999 125 81 -999 135 0
8887 5 29 599 869 12824 2 16 11 130 60 0
8887 11 29 184 294 12824 2 22 11 130 60 0
8887 17 30 408 731 12824 2 28 11 130 60 0
8887 29 31 387 512 12824 2 40 11 130 60 0
8887 42 32 414 1008 12824 2 53 11 130 60 0
8893 5 31 96 837 -999 2 78 73 134 132 1
8893 11 31 78 962 -999 2 84 73 134 132 1
8893 17 32 39 789 -999 2 90 73 134 132 1
8893 22 32 25 788 -999 2 95 73 134 132 1
8893 28 33 18 667 -999 2 101 73 134 132 1
8893 34 33 14 833 -999 2 107 73 134 132 1
8893 40 34 24 630 -999 2 113 73 134 132 1
8942 6 25 442 847 9404 2 27 21 114 93 1
8942 12 25 344 561 9404 2 33 21 114 93 1
8942 18 26 328 771 9404 2 39 21 114 93 1
8942 24 26 413 1013 9404 2 45 21 114 93 1
8942 28 27 291 752 9404 2 49 21 114 93 1
8942 34 27 323 727 9404 2 55 21 114 93 1
8942 40 28 150 771 9404 2 61 21 114 93 1
8942 48 28 102 902 9404 2 69 21 114 93 1
8963 6 44 551 565 67498 2 24 18 80 106 1
8963 20 46 471 812 67498 2 38 18 80 106 1
8963 26 46 348 801 67498 2 44 18 80 106 1
8963 32 47 432 1318 67498 2 50 18 80 106 1
8963 38 47 481 1063 67498 2 56 18 80 106 1
8963 44 48 201 602 67498 2 62 18 80 106 1
8964 4 32 548 874 -999 1 90 86 -999 136 1
8964 12 33 440 1518 -999 1 98 86 -999 136 1
8964 19 33 257 890 -999 1 105 86 -999 136 1
8964 24 34 207 842 -999 1 110 86 -999 136 1
8964 30 34 133 587 -999 1 116 86 -999 136 1
8964 37 35 117 469 -999 1 123 86 -999 136 1
8964 42 35 13 222 -999 1 128 86 -999 136 1
8985 6 36 -999 -999 -999 2 16 10 134 136 0
8985 12 36 1054 1289 -999 2 22 10 134 136 0
8985 19 37 1418 2395 -999 2 29 10 134 136 0
8985 25 37 1886 1140 -999 2 35 10 134 136 0
8985 31 38 2030 1856 -999 2 41 10 134 136 0
8985 37 38 1306 1714 -999 2 47 10 134 136 0
8985 45 39 1276 2288 -999 2 55 10 134 136 0
9012 6 39 737 442 3801 1 46 40 -999 136 0
9012 14 40 407 305 3801 1 54 40 -999 136 0
9012 18 40 497 658 3801 1 58 40 -999 136 0
9012 25 41 449 620 3801 1 65 40 -999 136 0
9012 30 41 441 554 3801 1 70 40 -999 136 0
9012 36 42 480 562 3801 1 76 40 -999 136 0
9012 42 42 503 515 3801 1 82 40 -999 136 0
9012 48 43 413 422 3801 1 88 40 -999 136 0
9017 5 43 370 647 -999 -999 84 79 -999 130 0
9017 14 44 431 1000 -999 -999 93 79 -999 130 0
9017 17 44 445 1315 -999 -999 96 79 -999 130 0
9017 23 45 340 808 -999 -999 102 79 -999 130 0
9017 29 45 378 1009 -999 -999 108 79 -999 130 0
9017 34 46 450 1260 -999 -999 113 79 -999 130 0
9017 39 46 347 1116 -999 -999 118 79 -999 130 0
9017 45 47 325 968 -999 -999 124 79 -999 130 0
9025 3 38 1049 1026 -999 2 51 48 111 128 0
9025 36 40 657 933 -999 2 84 48 111 128 0
9025 42 41 737 1828 -999 2 90 48 111 128 0
9044 7 32 786 767 16658 2 26 19 124 137 0
9044 11 32 936 780 16658 2 30 19 124 137 0
9044 17 32 663 541 16658 2 36 19 124 137 0
9044 22 33 797 835 16658 2 41 19 124 137 0
9044 29 33 804 904 16658 2 48 19 124 137 0
9044 35 34 716 749 16658 2 54 19 124 137 0
9044 40 34 930 1121 16658 2 59 19 124 137 0
9044 46 35 729 931 16658 2 65 19 124 137 0
9071 6 33 1165 336 -999 -999 39 33 -999 140 0
9071 12 33 938 399 -999 -999 45 33 -999 140 0
9071 18 34 912 539 -999 -999 51 33 -999 140 0
9071 24 34 882 616 -999 -999 57 33 -999 140 0
9071 30 35 1009 956 -999 -999 63 33 -999 140 0
9071 36 35 702 889 -999 -999 69 33 -999 140 0
9071 42 36 574 605 -999 -999 75 33 -999 140 0
9071 48 36 465 479 -999 -999 81 33 -999 140 0
9130 3 49 665 776 -999 2 58 55 119 132 1
9130 9 50 422 521 -999 2 64 55 119 132 1
9130 15 50 660 830 -999 2 70 55 119 132 1
9130 21 51 612 828 -999 2 76 55 119 132 1
9130 27 51 608 1053 -999 2 82 55 119 132 1
9130 33 52 410 872 -999 2 88 55 119 132 1
9130 39 52 407 1026 -999 2 94 55 119 132 1
9130 45 53 226 619 -999 2 100 55 119 132 1
9187 5 33 384 640 12030 2 32 27 122 140 1
9187 10 34 422 543 12030 2 37 27 122 140 1
9187 16 34 315 819 12030 2 43 27 122 140 1
9187 22 35 314 1098 12030 2 49 27 122 140 1
9187 28 35 213 835 12030 2 55 27 122 140 1
9187 34 36 182 840 12030 2 61 27 122 140 1
9187 41 36 278 1027 12030 2 68 27 122 140 1
9187 46 37 228 878 12030 2 73 27 122 140 1
9220 7 31 449 528 217340 3 22 15 -999 83 1
9220 14 32 407 984 217340 3 29 15 -999 83 1
9220 20 32 360 835 217340 3 35 15 -999 83 1
9220 26 33 464 736 217340 3 41 15 -999 83 1
9220 32 33 340 829 217340 3 47 15 -999 83 1
9220 38 34 325 898 217340 3 53 15 -999 83 1
9220 44 34 394 866 217340 3 59 15 -999 83 1
9246 6 26 1331 937 1199 -999 20 14 -999 140 0
9246 13 27 1429 1003 1199 -999 27 14 -999 140 0
9246 19 27 1107 754 1199 -999 33 14 -999 140 0
9246 24 28 1093 770 1199 -999 38 14 -999 140 0
9246 30 28 980 752 1199 -999 44 14 -999 140 0
9246 36 29 1082 729 1199 -999 50 14 -999 140 0
9246 42 29 1141 761 1199 -999 56 14 -999 140 0
9319 6 37 824 939 59081 3 44 38 -999 127 1
9319 11 38 1133 1274 59081 3 49 38 -999 127 1
9319 16 38 712 1029 59081 3 54 38 -999 127 1
9319 23 39 540 1099 59081 3 61 38 -999 127 1
9319 29 39 547 1074 59081 3 67 38 -999 127 1
9319 35 40 385 894 59081 3 73 38 -999 127 1
9319 41 40 274 569 59081 3 79 38 -999 127 1
9319 47 41 229 802 59081 3 85 38 -999 127 1
9339 6 32 653 529 19184 2 17 11 122 136 0
9339 12 32 741 459 19184 2 23 11 122 136 0
9339 18 33 736 658 19184 2 29 11 122 136 0
9339 24 33 851 397 19184 2 35 11 122 136 0
9339 30 34 717 926 19184 2 41 11 122 136 0
9339 36 34 592 666 19184 2 47 11 122 136 0
9339 42 35 487 1136 19184 2 53 11 122 136 0
9339 48 35 613 1013 19184 2 59 11 122 136 0
9351 12 36 540 1060 -999 -999 51 39 -999 132 0
9351 20 36 553 1448 -999 -999 59 39 -999 132 0
9351 25 37 378 1134 -999 -999 64 39 -999 132 0
9351 30 37 504 1338 -999 -999 69 39 -999 132 0
9351 36 38 473 1561 -999 -999 75 39 -999 132 0
9351 42 38 504 1588 -999 -999 81 39 -999 132 0
9351 48 39 570 1331 -999 -999 87 39 -999 132 0
9415 3 37 932 1039 -999 2 56 53 139 139 0
9415 9 38 430 681 -999 2 62 53 139 139 0
9415 14 38 350 315 -999 2 67 53 139 139 0
9415 20 39 297 787 -999 2 73 53 139 139 0
9415 26 39 380 1162 -999 2 79 53 139 139 0
9415 32 40 479 1072 -999 2 85 53 139 139 0
9415 38 40 224 1015 -999 2 91 53 139 139 0
9415 44 41 306 1294 -999 2 97 53 139 139 0
9451 6 27 487 782 3748 -999 73 67 -999 136 0
9451 9 27 590 715 3748 -999 76 67 -999 136 0
9451 17 27 490 735 3748 -999 84 67 -999 136 0
9451 23 28 696 771 3748 -999 90 67 -999 136 0
9451 30 29 506 866 3748 -999 97 67 -999 136 0
9451 36 29 519 891 3748 -999 103 67 -999 136 0
9451 42 30 445 665 3748 -999 109 67 -999 136 0
9467 6 26 431 600 -999 2 48 42 135 130 1
9467 12 27 521 1043 -999 2 54 42 135 130 1
9467 18 27 585 1450 -999 2 60 42 135 130 1
9467 28 28 669 1189 -999 2 70 42 135 130 1
9467 35 29 383 1128 -999 2 77 42 135 130 1
9476 6 33 412 1020 113976 2 22 16 75 88 1
9476 11 34 559 1323 113976 2 27 16 75 88 1
9476 21 35 354 1550 113976 2 37 16 75 88 1
9476 28 35 218 952 113976 2 44 16 75 88 1
9476 33 36 208 1618 113976 2 49 16 75 88 1
9476 39 36 132 1369 113976 2 55 16 75 88 1
9476 45 37 25 356 113976 2 61 16 75 88 1
9495 12 39 611 403 32536 2 26 14 -999 137 1
9495 36 41 413 645 32536 2 50 14 -999 137 1
9553 8 34 803 499 14134 -999 27 19 -999 141 0
9553 33 36 679 1188 14134 -999 52 19 -999 141 0
9657 5 45 508 655 15993 -999 20 15 -999 139 0
9657 16 46 561 1062 15993 -999 31 15 -999 139 0
9657 22 47 479 1094 15993 -999 37 15 -999 139 0
9657 28 47 289 578 15993 -999 43 15 -999 139 0
9657 34 48 312 808 15993 -999 49 15 -999 139 0
9657 39 48 508 1404 15993 -999 54 15 -999 139 0
9657 45 48 446 1040 15993 -999 60 15 -999 139 0
9784 7 49 706 605 92625 1 19 12 -999 125 1
9784 16 50 579 653 92625 1 28 12 -999 125 1
9788 5 42 889 731 6592 -999 80 75 -999 136 0
9788 12 43 847 547 6592 -999 87 75 -999 136 0
9788 17 43 781 635 6592 -999 92 75 -999 136 0
9788 23 44 743 778 6592 -999 98 75 -999 136 0
9788 29 44 790 953 6592 -999 104 75 -999 136 0
9788 35 45 669 751 6592 -999 110 75 -999 136 0
9788 42 45 597 793 6592 -999 117 75 -999 136 0
9788 48 46 550 710 6592 -999 123 75 -999 136 0
9791 6 38 1080 918 -999 2 73 67 121 120 1
9791 13 38 768 786 -999 2 80 67 121 120 1
9791 24 39 1070 1388 -999 2 91 67 121 120 1
9791 29 39 615 1298 -999 2 96 67 121 120 1
9791 36 40 300 1254 -999 2 103 67 121 120 1
9791 42 41 216 588 -999 2 109 67 121 120 1
9888 8 35 1194 1165 55942 2 48 40 112 111 1
9888 13 36 939 1261 55942 2 53 40 112 111 1
9888 20 36 1083 1347 55942 2 60 40 112 111 1
9888 24 37 2053 1310 55942 2 64 40 112 111 1
9888 30 37 748 1598 55942 2 70 40 112 111 1
9888 36 38 677 1539 55942 2 76 40 112 111 1
9888 42 38 1111 1562 55942 2 82 40 112 111 1
9888 48 39 833 877 55942 2 88 40 112 111 1
9919 7 44 517 1503 21529 1 26 19 -999 119 1
9919 16 44 360 1320 21529 1 35 19 -999 119 1
9919 21 45 562 1210 21529 1 40 19 -999 119 1
9919 28 45 251 1055 21529 1 47 19 -999 119 1
9919 33 46 232 1015 21529 1 52 19 -999 119 1
9919 39 46 313 1114 21529 1 58 19 -999 119 1
9919 46 47 168 694 21529 1 65 19 -999 119 1
9928 10 41 1464 574 -999 3 68 58 -999 141 0
9928 16 42 924 670 -999 3 74 58 -999 141 0
9928 24 42 1350 854 -999 3 82 58 -999 141 0
9928 31 43 882 1033 -999 3 89 58 -999 141 0
9928 38 43 1211 1014 -999 3 96 58 -999 141 0
9928 45 44 787 1033 -999 3 103 58 -999 141 0
9987 6 30 402 550 37788 2 36 30 130 138 0
9987 12 31 565 888 37788 2 42 30 130 138 0
9987 19 32 241 1052 37788 2 49 30 130 138 0
9987 21 32 225 1094 37788 2 51 30 130 138 0
9987 32 33 203 1330 37788 2 62 30 130 138 0
9987 37 33 232 1693 37788 2 67 30 130 138 0
9987 43 34 275 1173 37788 2 73 30 130 138 0
