100073 113.8 8.452 2 3 1 2
100073 98.18 8.783 2 3 1 2
100073 98.73 9.785 2 3 1 2
100073 101.79 10.538 2 3 1 2
100073 98.04 12.329 2 3 1 2
100073 94.32 13.306 2 3 1 2
100073 95.48 14.418 2 3 1 2
100111 96.85 12.515 2 0 3 1
100111 101.05 13.103 2 0 3 2
100111 100.33 15.105 2 0 3 2
100111 90.92 16.838 2 0 3 2
100111 109.78 17.582 2 0 3 2
100111 107.76 18.847 2 0 3 1
100185 43.51 14.508 1 0 3 2
100185 42.77 15.592 1 0 3 2
100185 46.55 16.507 1 0 3 2
100185 42.97 17.509 1 0 3 2
100185 30.8 19.381 1 0 3 2
100185 23.06 20.148 1 0 3 2
100329 48.07 21.536 1 0 3 2
100329 50.55 21.706 1 0 3 2
100329 67.64 22.62 1 0 3 2
100329 56.09 24.37 1 0 3 2
100329 42.91 25.514 1 3 3 2
100329 41.41 26.494 1 0 3 2
100329 48.93 26.992 1 0 3 2
100352 110.2 14.122 2 0 1 2
100352 54.21 15.959 2 3 1 2
100352 84.39 17.046 2 3 1 2
100352 72.97 18.125 2 3 1 2
100352 77.21 19.885 2 3 1 2
100352 70.41 20.712 2 3 1 2
100636 107.69 8.882 2 0 3 1
100636 108 9.963 2 0 3 2
100636 107.63 10.965 2 0 3 1
100636 102.97 12.945 2 0 3 1
100636 100.17 13.864 2 0 3 1
100636 90.93 15.206 2 0 3 1
100736 70.77 15.307 2 3 1 2
100736 68.08 16.222 2 3 1 2
100736 70.25 17.142 2 3 1 2
100736 53.64 17.804 2 3 1 2
100736 64.23 19.285 2 3 1 2
100736 62.29 19.592 2 3 1 2
100736 74.92 21.322 2 3 1 2
100815 60.08 15.981 2 0 2 2
100815 39.9 16.98 2 0 2 2
100815 52.83 18.059 2 0 2 1
100815 43.61 19.058 2 3 2 1
100815 40.46 20.69 2 3 2 1
100815 33.9 21.632 2 3 2 1
100815 26.68 22.623 2 3 2 1
100895 136.06 6.07 1 3 1 2
100895 120.38 7.072 1 0 1 2
100895 122.61 8.156 1 0 1 2
100895 117.18 8.958 1 0 1 2
100895 119.95 10.3 1 0 1 2
100895 116.71 11.239 1 3 1 2
100897 99.27 12.98 2 0 3 1
100897 102.39 13.979 2 0 3 2
100897 99.68 14.483 2 3 3 1
100897 102.13 15.485 2 3 3 1
100897 99.54 17.194 2 3 3 1
100897 99.55 18.286 2 3 3 1
100897 96.08 19.244 2 3 3 1
101035 74.13 8.142 2 3 1 0
101035 68.77 8.98 2 3 1 0
101035 53.09 10.141 2 3 1 2
101035 29.68 11.726 2 3 1 1
101035 31.02 11.978 2 3 1 2
101035 37.17 12.98 2 3 1 2
101035 45.16 14.694 2 3 1 2
101035 47.46 15.882 2 3 1 2
101035 37.2 16.802 2 3 1 2
101174 86.26 8.348 2 3 3 0
101174 80.25 9.018 2 3 3 0
101174 75.43 9.933 2 3 3 2
101174 66.11 10.932 2 3 3 2
101174 58.76 12.016 2 3 3 2
101174 29.08 12.934 2 3 3 2
101174 64.71 14.752 2 3 3 2
101174 54.04 15.784 2 3 3 2
101174 40.42 16.531 2 3 3 2
101232 50.92 14.456 1 0 2 0
101232 79.47 15.869 1 0 2 0
101232 80.79 16.619 1 0 2 2
101232 60.04 17.867 1 0 2 1
101232 50.12 18.954 1 3 2 2
101232 65.31 19.953 1 0 2 2
101232 84.7 21.043 1 0 2 2
101232 65.82 22.3 1 0 2 2
101232 72.06 23.055 1 0 2 2
101309 129.27 6.535 2 3 1 2
101309 113.31 7.535 2 0 1 2
101309 60.02 8.698 2 3 1 2
101309 57.88 9.536 2 3 1 2
101309 83.83 11.274 2 3 1 2
101309 82.5 12.29 2 3 1 2
101309 69.9 13.457 2 3 1 2
101394 64.6 13.276 1 0 1 0
101394 48.78 13.443 1 3 1 2
101394 98.41 14.527 1 3 1 2
101394 38.91 15.691 1 3 1 2
101394 98.5 17.109 1 3 1 2
101394 32.9 18.349 1 3 1 2
101394 28.03 19.192 1 3 1 2
101394 22.37 20.266 1 3 1 2
101456 94.74 6.856 1 0 1 0
101456 79.24 7.858 1 0 1 0
101456 80.25 8.857 1 0 1 2
101456 81.85 10.856 1 0 1 2
101456 76.82 12.104 1 0 1 2
101456 70.56 13.615 1 0 1 2
101456 67.34 14.554 1 0 1 2
101456 65.28 15.608 1 0 1 2
101518 102.79 6.943 1 3 1 2
101518 110.55 8.107 1 3 1 2
101518 105.5 9.106 1 3 1 2
101518 97.79 10.658 1 3 1 1
101518 97.92 11.617 1 3 1 2
101518 82.29 12.786 1 3 1 2
101701 99.98 6.678 2 0 2 0
101701 122.52 7.348 2 0 2 0
101701 112.88 8.594 2 0 2 2
101701 113.22 9.509 2 0 2 1
101701 108.14 10.431 2 0 2 2
101701 118.05 11.595 2 0 2 2
101701 114.65 12.493 2 0 2 2
101701 116.81 14.543 2 0 2 2
101718 99.29 12.827 1 3 3 0
101718 73.62 15.825 1 0 3 2
101718 59.08 16.827 1 3 3 2
101718 82.82 18.609 1 0 3 2
101718 78.39 19.463 1 3 3 2
101718 62.56 20.381 1 0 3 2
101799 114.22 5.802 2 3 2 0
101799 109.47 6.138 2 0 2 2
101799 90.25 7.053 2 0 2 1
101799 64.7 8.137 2 0 2 2
101799 72.04 9.054 2 3 2 2
101799 72.63 10.85 2 3 2 2
101799 77.91 11.521 2 3 2 2
101799 66.94 12.86 2 3 2 2
101806 67.35 10.308 2 3 1 2
101806 60.93 11.225 2 3 1 2
101806 59.61 11.89 2 3 1 2
101806 40.45 12.975 2 3 1 2
101806 46.77 14.292 2 3 1 2
101806 43.97 14.669 2 3 1 2
101806 21.8 16.298 2 3 1 2
101891 42.29 8.476 1 3 3 0
101891 28.36 9.64 1 3 3 0
101891 20.93 10.478 1 3 3 2
101891 17.36 12.561 1 3 3 2
101891 68.3 13.725 1 3 3 2
101891 34.87 15.945 1 3 3 2
101891 75.54 17.169 1 0 3 2
102053 81.13 22.505 2 3 2 0
102053 91.26 23.337 2 3 2 0
102053 86.83 25.175 2 3 2 2
102053 130.47 26.672 2 3 2 2
102053 85.42 27.337 2 3 2 2
102053 92.31 28.832 2 3 2 2
102053 89.21 29.886 2 3 2 2
102316 61.31 21.667 1 0 2 0
102316 63.8 22.5 1 0 2 0
102316 55.63 23.247 1 0 2 2
102316 54.16 24.164 1 0 2 2
102316 53.6 24.917 1 0 2 2
102316 33.83 25.919 1 0 2 2
102316 65.42 27.562 1 0 2 2
102407 96.34 19.986 1 0 3 2
102407 96.44 20.903 1 3 3 2
102407 94 22.07 1 3 3 2
102407 93.83 22.494 1 3 3 2
102407 91.11 23.529 1 3 3 2
102407 67.79 24.641 1 3 3 2
102512 72.75 20.717 1 3 2 0
102512 73.89 20.969 1 3 2 2
102512 79.78 22.215 1 3 2 1
102512 76.15 23.053 1 3 2 2
102512 59.31 26.853 1 3 2 2
102512 64.19 27.819 1 3 2 2
102529 102.4 14.47 2 3 2 0
102529 101.02 15.302 2 3 2 0
102529 97.6 16.049 2 3 2 2
102529 95.65 18.888 2 3 2 2
102529 103.71 20.033 2 3 2 2
102529 102.71 21.506 2 3 2 2
102551 55.27 6.502 2 3 1 0
102551 55.24 9.749 2 3 1 2
102551 53.98 10.749 2 3 1 2
102551 36.59 12.392 2 3 1 2
102551 34.97 13.216 2 3 1 2
102551 47.5 14.387 2 3 1 2
102593 101.82 13.385 1 0 2 0
102593 94.59 14.133 1 0 2 0
102593 103.83 14.965 1 0 2 2
102593 114.36 16.049 1 0 2 2
102593 119.93 16.966 1 0 2 2
102593 109.5 18.3 1 0 2 2
102593 104.99 19.811 1 0 2 2
102593 103.78 21.076 1 0 2 2
102685 113.32 5.01 1 0 2 0
102685 119.76 5.848 1 0 2 0
102685 108.77 7.343 1 0 2 2
102685 106.52 8.093 1 0 2 2
102685 110.58 8.846 1 0 2 2
102685 103.54 11.088 1 0 2 2
102685 98.36 12.761 1 0 2 2
102685 97.1 13.259 1 0 2 2
102791 71.07 6.908 1 3 3 0
102791 54.81 7.907 1 3 3 0
102791 51.6 8.988 1 3 3 2
102791 36.9 9.158 1 3 3 2
102791 31.58 10.157 1 3 3 2
102791 64.99 11.159 1 3 3 2
102791 59.25 13.002 1 3 3 2
102791 63.24 13.922 1 3 3 2
102791 61.97 14.938 1 3 3 2
102804 66.91 15.973 2 3 2 0
102804 76.15 16.301 2 3 2 2
102804 68.87 17.467 2 3 2 2
102804 62.34 18.223 2 3 2 2
102804 59.36 19.14 2 3 2 2
102804 39.57 20.958 2 3 2 2
102804 48.87 21.916 2 3 2 2
102804 43.36 22.702 2 3 2 2
102869 99.11 6.037 1 0 1 0
102869 91.04 7.874 1 0 1 2
102869 118.39 8.958 1 0 1 2
102869 94.19 9.96 1 0 1 2
102869 111.42 11.592 1 0 1 2
102869 103.33 12.69 1 3 1 2
102869 96.03 13.432 1 3 1 2
102979 42.41 11.411 2 3 1 2
102979 12.93 12.249 2 3 1 2
102979 39.92 13.498 2 0 1 2
102979 30.79 15.121 2 3 1 2
102979 28.21 15.619 2 3 1 2
102979 23.16 17.172 2 3 1 2
102985 39.9 8.767 2 0 2 0
102985 27.69 10.68 2 0 2 2
102985 30.48 11.849 2 0 2 2
102985 32.02 12.767 2 0 2 2
102985 22.88 14.615 2 3 2 2
102985 27.33 15.521 2 0 2 2
102985 23.54 15.789 2 0 2 2
103209 33.45 11.211 1 3 2 0
103209 39.26 12.706 1 3 2 2
103209 33.87 13.21 1 3 2 2
103209 37.71 14.374 1 3 2 2
103209 41.43 15.458 1 3 2 2
103209 32.31 16.323 1 3 2 2
103209 51.12 17.585 1 3 2 2
103262 51.09 5.484 1 0 2 0
103262 39.87 5.569 1 0 2 0
103262 44.75 6.568 1 0 2 2
103262 52.81 7.652 1 0 2 1
103262 26.88 8.652 1 0 2 2
103262 52.46 9.569 1 3 2 2
103262 64.17 11.31 1 0 2 2
103262 54.71 12.452 1 0 2 2
103262 44.55 13.314 1 3 2 2
103283 80.32 9.095 1 3 1 0
103283 76.03 10.179 1 3 1 0
103283 76.94 11.179 1 3 1 2
103283 64.43 13.016 1 3 1 2
103283 41.15 15.754 1 3 1 2
103283 37.25 15.959 1 3 1 2
103283 56.4 17.823 1 3 1 2
103393 42.73 8.597 2 3 1 0
103393 50.16 9.429 2 3 1 0
103393 33.37 10.182 2 3 1 2
103393 33.9 11.181 2 3 1 1
103393 45.13 12.512 2 3 1 2
103393 45.1 13.183 2 3 1 2
103393 31.52 14.943 2 3 1 2
103393 37.39 15.912 2 3 1 2
103393 72.55 16.893 2 3 1 2
103399 61.5 6.576 2 3 2 2
103399 47.71 8.246 2 3 2 2
103399 53.72 8.912 2 3 2 2
103399 34.45 9.552 2 3 2 2
103399 34.04 11.159 2 3 2 2
103399 24.26 12.159 2 3 2 2
103411 67.08 5.459 1 0 1 0
103411 38.42 8.293 1 3 1 2
103411 41.46 9.207 1 3 1 2
103411 45.51 10.097 1 3 1 2
103411 39.6 11.636 1 3 1 2
103411 30.84 12.72 1 3 1 2
103564 57.94 12.843 2 3 1 0
103564 41.73 13.18 2 3 1 0
103564 51.43 14.179 2 3 1 2
103564 57.68 15.422 2 3 1 2
103564 37.69 16.424 2 3 1 2
103564 35.96 17.18 2 3 1 2
103564 61.45 18.897 2 3 1 2
103564 60.27 19.677 2 3 1 2
103564 58.32 20.98 2 3 1 2
103595 81.55 13.52 1 0 2 0
103595 79.36 14.352 1 0 2 0
103595 79.62 15.685 1 0 2 2
103595 74.1 16.189 1 0 2 2
103595 70.98 17.352 1 0 2 2
103595 81.04 18.686 1 0 2 2
103595 78.72 21.892 1 3 2 2
103624 77.21 17.613 2 3 1 0
103624 74.85 18.946 2 3 1 2
103624 73.4 20.449 2 3 1 2
103624 74.84 22.031 2 3 1 2
103624 68.94 22.533 2 3 1 2
103624 83.24 23.896 2 3 1 2
103624 78.84 25.065 2 3 1 2
103633 104.28 5.793 2 0 1 2
103633 78.68 7.379 2 3 1 2
103633 88.78 8.047 2 3 1 2
103633 73.44 8.632 2 3 1 2
103633 103.34 10.371 2 0 1 2
103633 106.08 11.447 2 3 1 2
103633 83.25 12.381 2 3 1 2
103728 111.97 10.086 2 3 1 0
103728 95.24 11.001 2 3 1 0
103728 90.32 11.504 2 3 1 2
103728 111.22 12.75 2 3 1 2
103728 99.28 13.503 2 3 1 2
103728 100.08 14.59 2 3 1 2
103728 86.51 16.246 2 3 1 2
103728 79.59 17.051 2 3 1 2
103728 95.02 18.251 2 3 1 2
103806 57.68 10.078 2 3 1 0
103806 31.2 11.411 2 0 1 0
103806 58.11 11.825 2 3 1 2
103806 53.72 12.58 2 3 1 2
103806 26.94 13.495 2 3 1 2
103806 22.23 15.077 2 3 1 2
103806 18.05 16.003 2 0 1 2
103850 83.52 18.366 1 0 2 0
103850 89.15 19.28 1 0 2 0
103850 95.64 20.118 1 0 2 2
103850 95.92 21.363 1 0 2 2
103850 99.31 22.201 1 0 2 2
103850 98.38 23.365 1 0 2 2
103850 94.08 24.624 1 0 2 2
103850 103.51 25.802 1 0 2 2
103850 108.81 26.962 1 0 2 2
104101 78.57 6.478 1 3 1 0
104101 89.14 7.644 1 3 1 0
104101 89.24 8.728 1 0 1 2
104101 62.55 9.147 1 3 1 1
104101 87.45 10.146 1 3 1 2
104101 95.74 11.149 1 3 1 2
104101 93.51 12.542 1 3 1 2
104101 83.17 13.251 1 3 1 2
104101 87.22 14.198 1 3 1 2
104367 35.21 12.72 1 3 2 0
104367 48.14 13.722 1 3 2 0
104367 55.85 14.968 1 0 2 2
104367 72.88 15.721 1 3 2 2
104367 25.54 16.805 1 0 2 2
104367 34.02 17.722 1 3 2 2
104367 29.72 19.255 1 3 2 2
104367 27.24 20.227 1 3 2 2
104367 26.61 21.262 1 3 2 2
104442 75.28 9.109 1 3 1 0
104442 49.38 9.78 1 3 1 0
104442 72.2 11.444 1 3 1 2
104442 72.67 12.192 1 3 1 2
104442 79.35 13.194 1 3 1 2
104442 60.14 14.36 1 3 1 2
104442 49.14 15.6 1 3 1 2
104442 55.9 16.112 1 3 1 2
104442 67.98 17.361 1 3 1 2
104806 70.85 17.172 1 3 1 0
104806 72.27 18.508 1 3 1 0
104806 55.23 19.17 1 3 1 2
104806 58.69 19.926 1 3 1 2
104806 33.52 20.925 1 3 1 2
104806 40.95 22.171 1 3 1 2
104806 43.02 23.639 1 3 1 2
104806 31.42 23.888 1 3 1 2
104806 39.42 25.651 1 3 1 2
104818 70.2 21.123 1 0 2 0
104818 70.94 21.96 1 0 2 0
104818 77.81 22.96 1 3 2 2
104818 51.21 24.044 1 0 2 2
104818 60.21 25.29 1 0 2 2
104818 63.57 25.96 1 0 2 1
104818 47.08 27.589 1 3 2 1
104864 105.34 8.06 2 3 2 0
104864 101.69 8.564 2 3 2 0
104864 98.62 9.563 2 3 2 2
104864 112.77 10.976 2 3 2 2
104864 113.53 13.396 2 3 2 2
104864 99.54 14.125 2 3 2 2
104864 85.97 14.995 2 0 2 2
104864 81.53 16.101 2 3 2 2
104883 56.84 11.702 1 3 1 2
104883 62.47 12.364 1 3 1 2
104883 79.74 13.284 1 3 1 2
104883 75.9 14.283 1 3 1 2
104883 69.22 15.589 1 3 1 2
104883 79.71 16.663 1 3 1 2
104916 44.45 12.775 1 3 1 0
104916 42.19 13.936 1 3 1 2
104916 46.95 14.773 1 3 1 2
104916 38.63 16.104 1 3 1 2
104916 38.97 16.775 1 3 1 2
104916 33.06 17.799 1 3 1 2
104916 28.43 19.203 1 3 1 2
104916 27.45 19.841 1 0 1 2
105002 92.11 20.832 1 3 2 0
105002 105.43 22.251 1 3 2 0
105002 85.52 23.669 1 3 2 2
105002 61.59 24.832 1 3 2 2
105002 101.09 25.832 1 3 2 2
105002 66.3 28.257 1 3 2 2
105002 74.82 29.437 1 3 2 2
105070 97.04 7.918 2 0 3 0
105070 82.49 8.917 2 0 3 2
105070 99.32 10.001 2 0 3 2
105070 81.5 11.001 2 0 3 2
105070 88.73 11.918 2 0 3 2
105070 73.38 13.651 2 0 3 2
105070 73.86 14.653 2 0 3 2
105070 69.61 15.745 2 0 3 2
105187 83.93 12.375 1 3 2 0
105187 87.18 13.046 1 3 2 0
105187 62.14 14.207 1 3 2 2
105187 62.24 17.207 1 0 2 2
105187 66.85 18.779 1 0 2 2
105187 61.23 19.028 1 0 2 2
105187 60.48 20.389 1 0 2 1
105197 74.21 15.34 1 3 2 0
105197 80.25 16.011 1 0 2 0
105197 63.09 18.171 1 3 2 2
105197 49.69 19.258 1 3 2 2
105197 51.69 20.424 1 3 2 2
105197 43.81 21.862 1 3 2 2
105197 53.57 22.782 1 3 2 2
105197 47.16 23.896 1 3 2 2
105241 95.58 12.194 1 0 2 0
105241 86.33 13.196 1 3 2 0
105241 74.78 14.439 1 0 2 1
105241 75 15.11 1 3 2 2
105241 92.48 16.194 1 0 2 1
105241 93.04 17.777 1 0 2 1
105241 97.94 18.847 1 3 2 1
105241 90.05 19.729 1 3 2 1
105241 88.44 20.898 1 3 2 2
105319 81.84 14.461 2 3 2 0
105319 75.85 15.209 2 3 2 0
105319 68.41 16.293 2 3 2 1
105319 74.67 18.628 2 3 2 2
105319 69.72 20.249 2 3 2 2
105319 69.05 21.016 2 3 2 2
105319 63.49 22.281 2 3 2 2
105466 102.19 5.892 1 0 1 0
105466 133.52 6.891 1 0 1 2
105466 100.92 7.89 1 0 1 2
105466 88.66 9.054 1 0 1 2
105466 100.35 9.977 1 0 1 2
105466 100.4 11.844 1 0 1 2
105466 92.56 12.605 1 0 1 2
105466 90.16 13.722 1 0 1 2
105474 72.62 7.362 1 3 1 0
105474 71.66 8.69 1 3 1 2
105474 75.45 10.023 1 3 1 2
105474 54.31 10.691 1 3 1 2
105474 54.94 11.614 1 3 1 2
105474 46.14 13.418 1 3 1 2
105474 44.52 14.376 1 3 1 2
105474 42.56 15.277 1 3 1 2
105560 92.53 11.201 2 0 1 0
105560 97.02 12.123 2 0 1 0
105560 96.9 13.199 2 0 1 2
105560 87.6 14.45 2 0 1 1
105560 97.05 15.036 2 0 1 2
105560 82.5 16.2 2 0 1 2
105560 80.54 17.279 2 0 1 2
105560 88.31 18.678 2 0 1 2
105560 91.86 19.157 2 0 1 2
105707 101.98 11.633 2 0 2 0
105707 104.23 12.471 2 0 2 1
105707 121.76 14.133 2 3 2 2
105707 120.71 14.883 2 3 2 2
105707 148.22 15.882 2 3 2 2
105707 121.18 16.994 2 3 2 2
105712 58.24 7.266 2 3 2 0
105712 51.38 8.268 2 3 2 0
105712 66.59 9.352 2 3 2 2
105712 63.44 10.352 2 3 2 2
105712 58.05 11.266 2 3 2 2
105712 61.56 12.353 2 3 2 2
105712 47.81 14.084 2 3 2 2
105712 44.73 14.716 2 3 2 2
105712 34.08 15.822 2 3 2 2
105796 82.4 5.574 2 3 2 2
105796 81.52 5.741 2 3 2 2
105796 93.97 6.743 2 3 2 2
105796 73.53 8.52 2 3 2 2
105796 65.18 9.563 2 3 2 2
105796 64.54 10.497 2 3 2 2
105803 88.99 21.687 2 0 2 2
105803 97.42 22.357 2 0 2 2
105803 97.29 23.359 2 0 2 2
105803 81.46 25.032 2 0 2 2
105803 90.06 26.105 2 0 2 2
105803 83.67 27.198 2 0 2 2
105837 63.37 18.869 2 3 1 0
105837 60.65 19.869 2 3 1 0
105837 49.05 20.868 2 3 1 2
105837 75.43 21.706 2 3 1 2
105837 31.13 25.525 2 3 1 1
105837 33.95 26.442 2 3 1 2
105837 32.63 27.472 2 3 1 2
105915 54.86 10.1 2 3 2 0
105915 72.63 10.513 2 3 2 0
105915 72.56 11.428 2 3 2 1
105915 69.6 13.514 2 3 2 1
105915 66.26 14.595 2 3 2 2
105915 66.52 17.158 2 3 2 2
105915 55.87 18.116 2 3 2 2
106080 28.14 12.816 1 3 1 0
106080 23.78 13.487 1 3 1 0
106080 31.82 14.401 1 3 1 2
106080 29.95 15.562 1 3 1 1
106080 32.68 16.4 1 3 1 2
106080 26.09 17.563 1 3 1 2
106080 17.69 19.124 1 3 1 2
106080 17.12 19.885 1 3 1 2
106106 103.91 16.298 1 3 2 0
106106 114.81 17.632 1 3 2 0
106106 110.67 18.13 1 3 2 2
106106 81.39 18.883 1 3 2 2
106106 110.29 20.047 1 3 2 2
106106 92.05 21.213 1 3 2 2
106106 93.49 22.7 1 3 2 2
106106 91.96 23.833 1 3 2 2
106106 80.39 24.83 1 3 2 2
106148 52.85 20.162 1 3 2 0
106148 52.05 21.328 1 3 2 0
106148 53.38 22.664 1 3 2 2
106148 48.66 22.998 1 3 2 2
106148 47.94 23.997 1 3 2 2
106148 58.13 25.413 1 3 2 2
106148 43.87 26.661 1 3 2 2
106148 36.43 27.778 1 3 2 2
106148 36.21 28.846 1 3 2 2
106197 68.05 21.47 2 3 2 0
106197 47.06 23.138 2 3 2 0
106197 55.15 23.307 2 3 2 2
106197 49.28 24.307 2 3 2 2
106197 45.99 25.306 2 3 2 2
106197 31.94 26.308 2 3 2 2
106197 34.81 28.055 2 3 2 2
106197 33.73 28.435 2 3 2 2
106197 28.45 29.555 2 3 2 2
106204 75.3 12.35 2 0 2 2
106204 55.96 13.435 2 0 2 2
106204 54.49 14.352 2 0 2 2
106204 47.68 15.023 2 3 2 2
106204 66.53 16.534 2 3 2 2
106204 56.12 17.812 2 3 2 2
106204 40.11 18.741 2 3 2 2
106236 73.18 14.954 2 3 1 0
106236 72.1 17.12 2 3 1 2
106236 42.63 17.785 2 3 1 2
106236 28.68 18.872 2 3 1 1
106236 53.46 19.786 2 0 1 2
106236 46.48 21.265 2 3 1 1
106236 54.92 22.415 2 3 1 2
106236 60.34 22.877 2 3 1 2
106345 109.32 6.146 1 3 2 2
106345 40.44 7.565 1 3 2 2
106345 41.36 9.07 1 3 2 2
106345 38.97 10.768 1 3 2 2
106345 49.4 11.532 1 3 2 2
106345 39.84 12.846 1 3 2 2
106373 71.04 7.4 1 3 1 0
106373 74.72 8.066 1 0 1 0
106373 83.81 8.485 1 3 1 2
106373 100.45 9.645 1 3 1 2
106373 91.14 10.483 1 3 1 2
106373 82.55 11.485 1 3 1 2
106373 79.63 13.355 1 3 1 2
106373 54.62 14.371 1 3 1 2
106373 50.22 15.329 1 0 1 2
106389 87.84 6.223 1 3 2 0
106389 97.65 6.888 1 3 2 2
106389 90.66 8.556 1 3 2 2
106389 91.39 9.637 1 3 2 2
106389 75.37 11.031 1 3 2 2
106389 76.82 11.491 1 3 2 2
106389 99.12 13.024 1 3 2 2
106537 51.24 20.115 1 0 2 0
106537 37.17 20.78 1 0 2 0
106537 70.05 21.366 1 0 2 2
106537 71.85 23.28 1 0 2 2
106537 83.61 23.781 1 0 2 2
106537 71.82 24.613 1 0 2 2
106537 57.12 27.116 1 3 2 2
106537 62.56 27.959 1 3 2 1
106672 50.03 15.151 2 3 2 0
106672 66.28 15.822 2 3 2 0
106672 66.99 16.898 2 0 2 2
106672 74.19 17.821 2 0 2 2
106672 49.12 19.57 2 0 2 2
106672 39.41 19.737 2 0 2 2
106672 38.27 20.805 2 0 2 2
106672 39.31 23.118 2 0 2 1
106699 95.43 9.049 1 3 1 0
106699 107.81 9.886 1 3 1 0
106699 112.19 10.886 1 3 1 2
106699 29.45 11.885 1 3 1 2
106699 80.8 12.884 1 0 1 2
106699 77.19 13.971 1 3 1 2
106699 90.66 15.836 1 3 1 2
106699 93.96 16.736 1 3 1 2
106699 94.15 17.372 1 3 1 2
106702 119.97 5.164 1 0 2 0
106702 135.14 6.001 1 0 2 0
106702 124.37 7.162 1 0 2 2
106702 108.68 8 1 0 2 1
106702 95.72 9.164 1 0 2 2
106702 94.56 10.163 1 0 2 2
106702 97.09 11.874 1 0 2 2
106702 97.11 12.756 1 0 2 2
106702 79.99 13.637 1 0 2 2
106709 96.21 8.162 1 0 2 0
106709 91.7 10.741 1 0 2 2
106709 85.37 11.326 1 0 2 2
106709 78.72 12.413 1 0 2 2
106709 88.82 14.122 1 0 2 2
106709 82.93 15.05 1 0 2 2
106720 84.02 6.99 1 3 1 2
106720 87.28 7.904 1 3 1 1
106720 75.54 8.988 1 3 1 2
106720 79.04 9.906 1 3 1 2
106720 85.71 11.644 1 3 1 2
106720 73.86 12.794 1 3 1 2
106720 65.53 13.692 1 3 1 2
106739 81.46 7.956 2 3 1 2
106739 94 8.794 2 3 1 2
106739 99.17 10.042 2 3 1 2
106739 112.44 11.231 2 3 1 2
106739 123.47 11.959 2 0 1 2
106739 126.1 13.602 2 3 1 2
106938 81.63 13.391 2 0 1 0
106938 80.08 14.393 2 0 1 0
106938 97.37 15.888 2 3 1 2
106938 86.1 16.392 2 3 1 1
106938 64.75 17.391 2 3 1 2
106938 59.3 18.478 2 0 1 2
106938 54.39 20.208 2 3 1 2
106938 61.17 21.295 2 3 1 2
106938 45.14 21.812 2 3 1 2
106998 53.84 15.055 2 3 2 0
106998 47.94 16.134 2 0 2 0
106998 40.34 17.3 2 3 2 2
106998 31.39 18.3 2 3 2 2
106998 45.98 19.135 2 0 2 2
106998 50.06 20.057 2 0 2 2
106998 52.11 21.3 2 3 2 2
106998 60.27 22.171 2 3 2 1
106998 57.47 22.96 2 3 2 2
107004 82.65 12.17 2 3 1 0
107004 80.65 13.333 2 3 1 0
107004 94 14.171 2 3 1 2
107004 22.92 15.17 2 3 1 2
107004 80.3 16.17 2 3 1 2
107004 73.18 17.172 2 3 1 2
107004 86.93 19.099 2 3 1 2
107004 90.44 19.483 2 3 1 2
107004 82.39 20.846 2 3 1 2
107122 58.71 7.786 2 0 3 2
107122 62.99 8.123 2 0 3 2
107122 61.68 9.287 2 0 3 2
107122 62.3 10.125 2 0 3 2
107122 62.24 11.368 2 0 3 2
107122 71.01 12.277 2 0 3 2
107122 72.47 13.432 2 0 3 2
107243 52.24 12.435 2 3 2 0
107243 42.29 12.767 2 3 2 0
107243 60.62 13.766 2 3 2 2
107243 50.05 14.519 2 3 2 2
107243 57.09 15.849 2 3 2 2
107243 55.22 16.52 2 3 2 2
107243 46.85 18.319 2 3 2 2
107243 75.92 19.431 2 3 2 2
107243 38.68 19.904 2 3 2 2
107483 61.79 17.251 2 3 2 0
107483 44.66 18.42 2 3 2 0
107483 51.48 18.839 2 3 2 2
107483 35.26 19.915 2 3 2 2
107483 40.62 21.503 2 3 2 2
107483 43.21 22.168 2 3 2 2
107483 44.65 23.644 2 3 2 2
107483 47.77 23.814 2 3 2 2
107483 48.66 25.541 2 3 2 2
107508 69.02 8.966 2 3 1 2
107508 84.54 9.714 2 3 1 2
107508 70.41 10.549 2 3 1 2
107508 78.19 11.548 2 3 1 2
107508 62.08 13.04 2 3 1 2
107508 62.95 14.133 2 3 1 2
107508 76.51 14.88 2 3 1 2
107553 51.95 14.357 1 3 2 0
107553 70.42 15.439 1 3 2 2
107553 84.21 16.104 1 3 2 1
107553 58.26 17.358 1 3 2 2
107553 68.97 17.938 1 3 2 2
107553 54.96 19.953 1 3 2 2
107553 66.92 21.276 1 3 2 2
107625 48.86 22.382 1 3 3 0
107625 47.42 23.22 1 3 3 0
107625 57.5 24.219 1 3 3 2
107625 53.8 27.135 1 3 3 2
107625 32.63 27.305 1 3 3 2
107625 50.43 28.799 1 3 3 2
107638 113.38 17.659 2 3 2 0
107638 116.18 18.073 2 0 2 0
107638 107.25 18.825 2 3 2 2
107638 86.56 20.238 2 3 2 2
107638 95.92 20.909 2 3 2 2
107638 80.88 21.826 2 3 2 2
107638 67.58 23.702 2 3 2 2
107638 68.07 24.641 2 3 2 2
107638 62.41 25.747 2 3 2 2
107755 61.04 18.908 1 0 3 0
107755 63.17 20.238 1 0 3 0
107755 42.79 21.153 1 3 3 2
107755 94.44 23.986 1 3 3 2
107755 38.73 26.505 1 3 3 2
107755 35.98 27.168 1 3 3 2
107862 141.39 5.637 2 0 1 0
107862 140.92 6.637 2 0 1 2
107862 139.45 7.803 2 0 1 2
107862 133.55 8.389 2 0 1 2
107862 126.98 9.476 2 0 1 2
107862 55.48 10.612 2 0 1 2
108225 106.18 6.883 2 0 2 0
108225 91.63 7.633 2 0 2 2
108225 98.37 8.548 2 3 2 2
108225 88.87 9.383 2 3 2 2
108225 92.07 9.969 2 0 2 2
108225 100.98 11.808 2 0 2 2
108225 88.32 12.841 2 3 2 2
108225 100.08 13.648 2 3 2 2
108237 101.14 16.12 2 0 3 0
108237 97.58 17.12 2 0 3 0
108237 100.92 17.785 2 0 3 1
108237 100.49 18.951 2 0 3 2
108237 93.78 19.786 2 0 3 2
108237 95.23 21.205 2 0 3 1
108237 104.83 22.456 2 0 3 2
108331 68.46 7.031 1 0 1 0
108331 58.51 8.282 1 0 1 0
108331 61.18 8.868 1 3 1 2
108331 56.31 9.867 1 3 1 1
108331 56.44 11.283 1 3 1 2
108331 74.29 12.03 1 0 1 2
108331 63.8 13.703 1 3 1 2
108331 67.11 13.919 1 3 1 2
108331 72.5 15.625 1 3 1 2
108579 75.14 13.169 1 0 1 0
108579 79.07 14.168 1 3 1 0
108579 58.45 15.168 1 0 1 2
108579 56.54 16.082 1 3 1 2
108579 65.08 16.753 1 3 1 2
108579 70.26 17.84 1 3 1 2
108579 62.84 19.433 1 3 1 2
108579 67.58 20.679 1 3 1 2
108579 46.08 21.489 1 3 1 2
108642 122.5 5.706 1 3 1 2
108642 94.95 6.708 1 3 1 2
108642 83.83 7.379 1 3 1 2
108642 71.59 8.923 1 3 1 2
108642 68.21 10.13 1 3 1 2
108642 89.31 11.184 1 3 1 2
108692 97.04 6.105 1 3 1 0
108692 83.15 7.685 1 3 1 2
108692 53.01 9.938 1 3 1 2
108692 53.57 11.02 1 3 1 2
108692 93.83 12.005 1 3 1 2
108692 83.69 12.991 1 3 1 2
108692 74.1 13.889 1 3 1 2
108841 52.84 17.864 2 3 1 0
108841 61.95 19.362 2 0 1 0
108841 64.07 20.279 2 0 1 2
108841 54.81 21.112 2 3 1 2
108841 58.77 22.782 2 3 1 2
108841 50.21 23.028 2 3 1 2
108841 62.24 24.684 2 3 1 2
108841 55.63 25.621 2 3 1 2
108841 50.97 26.637 2 3 1 2
108958 80.68 15.682 1 0 3 0
108958 89.07 16.682 1 3 3 0
108958 84.31 17.681 1 0 3 2
108958 99.59 18.68 1 0 3 2
108958 95.96 19.682 1 0 3 2
108958 87.41 21.183 1 0 3 2
108958 99.37 22.856 1 3 3 2
108958 92.37 24.227 1 3 3 2
109245 96 11.614 2 3 2 0
109245 77.34 12.446 2 3 2 0
109245 92.81 13.117 2 3 2 2
109245 72.54 14.116 2 3 2 2
109245 56.88 15.031 2 3 2 2
109245 69.44 16.118 2 3 2 2
109245 53.54 17.944 2 3 2 2
109245 39.32 18.954 2 3 2 2
109245 28.85 19.515 2 3 2 2
109442 69.25 12.063 1 3 3 0
109442 81.18 13.229 1 3 3 0
109442 86.11 14.396 1 3 3 2
109442 101.91 15.48 1 3 3 2
109442 92.58 16.397 1 3 3 2
109442 96.68 17.481 1 3 3 2
109442 105.49 17.9 1 3 3 2
109442 86.79 19.762 1 3 3 2
109442 83.15 20.222 1 3 3 2
109469 96.84 18.765 2 0 1 0
109469 102 19.847 2 0 1 0
109469 113.83 23.603 2 0 1 2
109469 108.58 24.567 2 0 1 2
109469 121.07 26.428 2 0 1 2
109469 119.57 26.524 2 0 1 2
109473 116.56 5.791 1 0 2 2
109473 104.73 6.207 1 3 2 2
109473 94.64 6.96 1 0 2 2
109473 94.99 8.813 1 0 2 2
109473 99.32 9.024 1 3 2 2
109473 93.64 10.88 1 3 2 2
109506 55.62 17.489 2 0 1 0
109506 29.55 18.82 2 3 1 0
109506 30.51 19.652 2 3 1 2
109506 28.87 20.405 2 0 1 2
109506 34.57 21.405 2 0 1 2
109506 38.03 22.568 2 3 1 2
109589 45.96 14.094 2 0 2 0
109589 77.5 15.097 2 0 2 0
109589 31.88 16.096 2 0 2 2
109589 26.91 17.095 2 0 2 2
109589 29.91 18.259 2 0 2 2
109589 57.59 19.097 2 0 2 2
109589 55.63 20.928 2 0 2 2
109589 56.26 21.864 2 0 2 2
109589 64.45 22.957 2 3 2 2
109669 29.52 23.22 2 3 1 0
109669 26.35 24.222 2 3 1 0
109669 33.9 25.55 2 3 1 2
109669 32.52 26.886 2 3 1 2
109669 34.97 27.22 2 3 1 2
109669 31.1 28.222 2 3 1 2
109669 54.5 29.216 2 3 1 2
109790 61.95 12.923 2 3 1 0
109790 58.85 13.09 2 3 1 0
109790 62.93 14.335 2 3 1 2
109790 58.47 15.754 2 3 1 2
109790 65.16 16.756 2 0 1 2
109790 71.69 17.336 2 0 1 2
109790 57.01 18.256 2 3 1 2
109790 62.34 19.061 2 3 1 2
109790 66.59 20.244 2 3 1 2
109825 77.25 5.815 1 3 2 0
109825 88.94 6.311 1 0 2 0
109825 88.52 7.477 1 3 2 2
109825 92.76 8.148 1 0 2 2
109825 75.37 9.147 1 3 2 2
109825 105.65 10.149 1 3 2 2
109825 97.36 11.833 1 3 2 2
109825 95.56 12.862 1 3 2 2
109825 91.01 14.053 1 3 2 2
109847 31.26 13.081 2 3 1 0
109847 44.39 13.333 2 3 1 0
109847 31.88 14.333 2 3 1 2
109847 29.61 15.417 2 3 1 2
109847 28.13 16.747 2 3 1 2
109847 24.28 17.333 2 3 1 2
109996 54.58 9.703 2 3 1 0
109996 41.61 10.541 2 3 1 0
109996 34.98 11.786 2 3 1 2
109996 42.7 12.539 2 3 1 2
109996 35.51 13.539 2 3 1 2
109996 22.55 14.626 2 3 1 2
109996 49.99 16.186 2 3 1 2
109996 35.96 17.374 2 3 1 2
109996 33.72 17.566 2 3 1 2
110027 67.92 14.995 2 3 2 0
110027 51.99 15.912 2 3 2 0
110027 49.35 16.498 2 3 2 2
110027 48.8 17.582 2 3 2 1
110027 48.41 18.582 2 3 2 2
110027 52.43 19.499 2 3 2 2
110027 35.54 20.956 2 3 2 2
110027 31.52 22.029 2 3 2 1
110027 27.91 23.42 2 3 2 2
110054 40.32 14.705 1 3 2 0
110054 44.49 15.537 1 3 2 0
110054 39.74 16.621 1 3 2 2
110054 38.58 17.374 1 3 2 1
110054 53.71 18.872 1 3 2 2
110054 48.07 19.789 1 3 2 2
110054 43.78 21.046 1 3 2 2
110054 53.78 21.563 1 3 2 2
110054 50.31 22.598 1 3 2 2
110177 53.97 6.171 2 3 1 2
110177 47.38 7.086 2 3 1 2
110177 40.47 8.17 2 3 1 2
110177 41.33 9.087 2 3 1 2
110177 36.67 10.902 2 3 1 2
110177 38.88 12.014 2 3 1 2
110177 34.67 12.931 2 3 1 2
110330 70.72 12.493 2 0 1 0
110330 52.97 13.577 2 0 1 0
110330 55.21 14.163 2 0 1 2
110330 22.28 15.324 2 0 1 2
110330 80.39 16.162 2 0 1 2
110330 70 17.659 2 0 1 2
110330 48.93 18.973 2 3 1 2
110330 51.27 20.093 2 3 1 2
110330 62.32 20.701 2 3 1 2
110427 57.82 10.856 1 3 2 0
110427 45.7 11.855 1 3 2 2
110427 32.47 12.854 1 3 2 2
110427 55.44 13.604 1 0 2 2
110427 48.48 14.442 1 3 2 2
110427 41.5 16.293 1 3 2 2
110427 41.45 17.158 1 3 2 2
110427 40.57 17.922 1 3 2 2
110615 104.88 13.55 1 0 3 0
110615 101.47 14.968 1 0 3 0
110615 91.98 15.967 1 0 3 1
110615 101.42 16.966 1 0 3 2
110615 98.49 17.969 1 0 3 1
110615 107.02 20.038 1 0 3 1
110615 98.78 21.369 1 0 3 1
110814 44.32 8.225 2 3 2 2
110814 62.32 9.309 2 3 2 2
110814 61.98 10.639 2 3 2 2
110814 62.1 12.09 2 0 2 2
110814 73.2 13.029 2 3 2 2
110814 68.23 14.026 2 0 2 2
110970 52.14 22.916 1 3 2 0
110970 50.6 23.997 1 3 2 0
110970 46.01 24.914 1 3 2 2
110970 33.57 25.829 1 3 2 2
110970 44.11 26.746 1 3 2 2
110970 47.07 27.411 1 3 2 2
110970 46.49 29.09 1 3 2 2
110970 101.17 29.906 1 0 2 2
110977 63.13 22.166 2 3 2 0
110977 48.44 22.913 2 3 2 2
110977 61.03 23.332 2 3 2 2
110977 65.71 24.331 2 3 2 2
110977 73.04 25.914 2 3 2 2
110977 74.67 27.242 2 3 2 2
110977 67.84 28.257 2 3 2 2
110977 62.35 28.583 2 3 2 2
111139 43.06 23.097 2 3 2 0
111139 48.05 24.099 2 0 2 0
111139 51.6 25.098 2 0 2 1
111139 35.11 26.182 2 0 2 2
111139 55.34 27.181 2 3 2 2
111139 55.93 28.427 2 0 2 2
111139 52.47 29.687 2 0 2 2
111292 38.6 12.145 2 3 3 0
111292 37.7 14.809 2 3 3 2
111292 46.2 15.726 2 3 3 2
111292 46.73 17.068 2 3 3 2
111292 44.03 17.856 2 0 3 2
111292 42.89 19.138 2 3 3 2
111309 70.78 16.189 2 3 2 0
111309 61.95 17.607 2 3 2 2
111309 64.67 18.606 2 3 2 2
111309 50.68 19.608 2 3 2 2
111309 54.74 21.555 2 3 2 2
111309 39.18 22.338 2 3 2 2
111309 43.98 23.376 2 3 2 2
111495 57.8 14.924 1 3 1 0
111495 52.2 16.09 1 3 1 0
111495 52.32 16.594 1 3 1 2
111495 64.91 17.837 1 3 1 2
111495 55.01 18.593 1 3 1 2
111495 52.5 20.342 1 3 1 2
111495 36.01 21.306 1 3 1 2
111495 39.36 21.804 1 3 1 2
111495 30.18 23.318 1 3 1 2
111508 91.24 10.292 1 3 2 0
111508 102.39 11.294 1 3 2 0
111508 96.88 12.293 1 3 2 2
111508 89.45 13.377 1 0 2 2
111508 85.93 14.292 1 3 2 2
111508 80.25 15.455 1 3 2 2
111508 73.62 17.046 1 0 2 2
111508 69.39 17.76 1 3 2 2
111508 63.75 18.853 1 3 2 2
111564 54.48 23.838 2 3 2 0
111564 36.77 25.087 2 3 2 0
111564 55.05 25.257 2 3 2 2
111564 27.96 27.086 2 3 2 2
111564 30.93 27.921 2 3 2 2
111564 29.08 29.706 2 3 2 2
111709 55.2 16.841 2 3 1 0
111709 58.84 17.843 2 3 1 0
111709 53.57 18.757 2 3 1 2
111709 49.27 19.841 2 3 1 2
111709 37.18 22.338 2 3 1 2
111709 25.01 23.655 2 3 1 2
111789 123.39 11.956 1 3 2 2
111789 84.78 12.956 1 3 2 2
111789 70.23 13.955 1 3 2 2
111789 62.8 15.285 1 3 2 2
111789 64.02 16.238 1 3 2 2
111789 75.57 17.886 1 3 2 2
111789 89.19 18.672 1 3 2 2
111876 101.74 5.002 1 0 2 0
111876 105.73 7.086 1 0 2 2
111876 107.93 8.085 1 0 2 2
111876 110.25 9.002 1 0 2 2
111876 106.74 10.642 1 0 2 2
111876 100.65 11.68 1 0 2 2
111876 102.17 12.808 1 0 2 2
112017 108.6 6.815 1 0 2 2
112017 97.03 7.403 1 0 2 2
112017 94.8 8.482 1 0 2 2
112017 98.26 9.621 1 0 2 2
112017 92.85 11.116 1 0 2 2
112017 87.61 12.145 1 0 2 2
112074 107.64 8.567 1 3 2 0
112074 91.77 9.155 1 3 2 0
112074 99.25 10.231 1 3 2 2
112074 98.24 11.231 1 3 2 2
112074 84.6 12.652 1 3 2 2
112074 87.25 13.155 1 3 2 2
112074 82.79 14.919 1 3 2 2
112074 88.96 15.896 1 3 2 2
112074 81.18 16.912 1 0 2 1
112093 52.82 20.698 2 3 1 1
112093 56.83 22.281 2 3 1 2
112093 58.65 22.784 2 3 1 2
112093 54.78 24.452 2 3 1 2
112093 56.52 25.166 2 3 1 2
112093 52.04 26.637 2 3 1 2
112095 30.92 17.076 1 3 1 0
112095 33.95 18.078 1 3 1 0
112095 30.14 19.077 1 3 1 2
112095 30.12 20.077 1 0 1 2
112095 26.37 21.076 1 0 1 2
112095 36.91 22.163 1 0 1 2
112095 28.56 24.008 1 0 1 2
112095 28.64 24.799 1 0 1 2
112095 21.38 25.44 1 0 1 2
113680 14.63 20.339 1 0 1 0
113680 36.02 21.758 1 0 1 0
113680 26.58 22.089 1 3 1 2
113680 25.73 22.842 1 0 1 2
113680 25.24 23.926 1 0 1 2
113680 22.75 24.843 1 0 1 2
113680 19.97 26.171 1 0 1 2
113680 21.24 27.674 1 3 1 2
113680 20.4 28.671 1 0 1 2
113829 103.42 9.437 2 0 1 0
113829 98.3 10.598 2 3 1 2
113829 100.78 11.436 2 3 1 2
113829 86.52 12.435 2 0 1 2
113829 78.22 13.599 2 0 1 2
113829 71.81 15.231 2 3 1 2
113829 60.02 16.225 2 0 1 2
113829 65.52 17.185 2 3 1 2
114118 103.52 9.175 2 3 2 0
114118 99.54 10.174 2 3 2 0
114118 102.99 11.091 2 3 2 2
114118 93.59 12.257 2 3 2 2
114118 89.97 13.008 2 3 2 2
114118 82.56 14.593 2 3 2 2
114118 79.75 15.578 2 3 2 2
114118 69.63 16.597 2 3 2 2
114118 71.43 17.708 2 3 2 2
114392 72.77 17.659 2 3 3 0
114392 50.76 18.823 2 0 3 0
114392 54.28 20.071 2 0 3 2
114392 61.75 20.66 2 0 3 2
114392 51.39 21.659 2 0 3 2
114392 55.98 23.409 2 0 3 2
114392 44.17 24.372 2 3 3 2
114392 33.62 25.369 2 3 3 2
114392 39.6 26.387 2 0 3 2
114494 77.2 11.4 1 0 1 0
114494 36.67 12.734 1 0 1 0
114494 28.2 13.733 1 3 1 2
114494 68.44 14.565 1 0 1 2
114494 80.86 15.567 1 0 1 2
114494 77.17 16.153 1 0 1 2
114494 64.13 17.533 1 0 1 2
114494 61.5 18.637 1 0 1 2
114494 81.44 19.231 1 3 1 2
114542 105.97 7.392 1 0 2 0
114542 107.84 8.392 1 0 2 2
114542 106.54 9.552 1 3 2 2
114542 79.92 10.475 1 0 2 2
114542 92.3 11.554 1 0 2 2
114542 91.84 12.611 1 0 2 2
114542 95.34 14.07 1 0 2 2
114542 84.86 15.143 1 0 2 2
114674 86.93 7.628 2 0 2 2
114674 92.75 9.128 2 0 2 2
114674 77.91 9.96 2 0 2 2
114674 102.92 11.206 2 3 2 2
114674 81.8 12.561 2 0 2 2
114674 70 13.593 2 0 2 2
114706 87.81 11.828 2 0 1 0
114706 82.65 12.49 2 3 1 2
114706 74.51 14.075 2 0 1 2
114706 74.13 14.491 2 3 1 2
114706 39.9 15.91 2 3 1 2
114706 62.07 17.095 2 0 1 2
114706 59.93 17.93 2 0 1 2
114706 49.73 18.987 2 0 1 2
114913 118.37 6.344 1 3 2 2
114913 99.41 7.343 1 3 2 2
114913 91.94 8.43 1 3 2 2
114913 88.45 9.344 1 3 2 2
114913 85.98 10.196 1 3 2 2
114913 75.74 11.94 1 3 2 2
114913 75.86 12.687 1 3 2 2
115191 37.87 9.788 2 3 1 0
115191 35.13 10.787 2 3 1 0
115191 14.61 11.871 2 3 1 2
115191 32.29 12.624 2 3 1 2
115191 17.37 13.708 2 3 1 2
115191 11.03 14.626 2 0 1 2
115206 81.8 12.167 1 0 1 0
115206 76.03 13.251 1 3 1 0
115206 72.89 14.418 1 3 1 2
115206 65.43 15.417 1 3 1 2
115206 55.82 16.419 1 3 1 2
115206 60.36 17.005 1 3 1 2
115206 50.48 18.335 1 3 1 2
115206 45.14 19.896 1 3 1 2
115206 44.92 20.827 1 3 1 2
115224 121.23 5.344 2 3 1 0
115224 93.43 6.924 2 3 1 2
115224 93.51 7.674 2 0 1 2
115224 103.65 8.512 2 3 1 2
115224 107.57 9.514 2 0 1 2
115224 100.1 10.541 2 3 1 2
115224 98.42 11.775 2 3 1 2
115224 93.21 12.487 2 3 1 2
115271 21.8 15.187 1 3 2 0
115271 83.06 16.186 1 3 2 0
115271 54.35 18.689 1 3 2 2
115271 86.4 19.105 1 3 2 2
115271 86.55 20.523 1 3 2 2
115271 71.2 21.429 1 3 2 2
115271 55.02 22.765 1 0 2 2
115271 64.07 22.982 1 3 2 2
115334 24.33 7.754 2 3 1 0
115334 30.97 9.582 2 3 1 2
115334 31.03 9.914 2 3 1 2
115334 26.63 11.335 2 3 1 2
115334 28.62 11.83 2 3 1 2
115334 28.86 13.142 2 3 1 2
115334 21.11 14.423 2 3 1 2
115345 49.49 6.341 1 0 2 0
115345 35.99 7.006 1 3 2 0
115345 42.33 7.844 1 3 2 2
115345 57.33 9.843 1 3 2 2
115345 55.23 10.845 1 3 2 2
115345 66 12.734 1 0 2 2
115345 57.68 13.755 1 3 2 2
115345 54.79 14.782 1 3 2 2
115395 80.96 5.599 1 0 1 0
115395 106.66 6.85 1 0 1 2
115395 108.21 8.096 1 0 1 2
115395 86.02 11.682 1 0 1 2
115395 105.5 12.583 1 3 1 2
115395 72.58 13.183 1 3 1 2
115453 61.91 7.031 1 0 1 0
115453 77.95 8.03 1 0 1 0
115453 91.82 8.868 1 0 1 2
115453 76.8 9.867 1 0 1 2
115453 75.63 10.867 1 3 1 2
115453 64.13 12.282 1 0 1 2
115453 75.02 13.196 1 3 1 2
115453 76.79 13.9 1 3 1 2
115453 83.37 14.916 1 0 1 2
115487 81.23 22.971 1 3 2 0
115487 44.05 24.307 1 3 2 0
115487 78.8 24.887 1 3 2 2
115487 59.49 26.22 1 3 2 2
115487 74.9 26.804 1 3 2 2
115487 50.82 28.055 1 3 2 2
115487 76.35 29.109 1 3 2 2
115596 50.47 12.813 1 3 2 0
115596 55.83 13.812 1 3 2 2
115596 65.75 14.812 1 3 2 2
115596 26.76 16.813 1 3 2 2
115596 51.49 18.615 1 3 2 2
115596 92.29 19.411 1 0 2 2
115720 93.9 7.157 1 0 1 0
115720 113.73 7.737 1 0 1 2
115720 105.48 9.654 1 0 1 2
115720 97.44 10.653 1 0 1 2
115720 96.22 11.819 1 0 1 2
115720 103.27 13.112 1 0 1 2
115720 78.99 14.146 1 0 1 2
115727 55.07 6.352 1 3 2 2
115727 61.85 7.354 1 3 2 2
115727 62.2 8.353 1 3 2 2
115727 81.23 10.105 1 3 2 2
115727 77.99 10.891 1 3 2 2
115727 79.76 12.112 1 3 2 2
115785 90.04 12.674 2 0 1 0
115785 104.45 13.254 2 3 1 0
115785 66.82 14.001 2 3 1 2
115785 82.95 14.839 2 0 1 2
115785 85.77 16.003 2 3 1 2
115785 110.97 16.841 2 3 1 2
115785 96.32 18.313 2 0 1 2
115785 84.06 19.592 2 3 1 2
115785 80.56 20.419 2 3 1 2
115800 65.51 15.472 2 3 2 0
115800 51.11 16.808 2 3 2 2
115800 52.57 18.721 2 3 2 2
115800 29.18 20.137 2 3 2 2
115800 30.7 21.596 2 3 2 2
115800 34.31 22.612 2 3 2 2
116004 80.91 19.414 1 3 2 0
116004 75.11 20.003 1 3 2 0
116004 83.82 21.498 1 3 2 2
116004 87.87 23.499 1 0 2 2
116004 72.69 24.665 1 3 2 2
116004 81.07 25.246 1 3 2 2
116004 87.64 27.343 1 3 2 2
116204 104.18 10.053 1 0 1 0
116204 112.02 10.634 1 3 1 0
116204 114.26 12.471 1 3 1 2
116204 101.78 13.719 1 3 1 2
116204 97.48 15.053 1 3 1 2
116204 97.35 15.734 1 3 1 2
116204 99.65 17.421 1 0 1 2
116260 101.81 8.266 1 0 1 0
116260 108.2 9.432 1 0 1 0
116260 112.68 9.851 1 0 1 2
116260 103.93 11.097 1 0 1 2
116260 102.72 11.934 1 0 1 2
116260 113.61 12.936 1 0 1 2
116260 110.71 14.283 1 3 1 2
116260 124.02 15.107 1 0 1 2
116260 120.52 15.975 1 3 1 2
116318 108.86 7.658 2 0 3 0
116318 107.41 7.986 2 3 3 0
116318 94.59 9.405 2 0 3 2
116318 86.2 10.571 2 0 3 2
116318 85.37 11.072 2 0 3 2
116318 88.86 13.733 2 0 3 2
116318 80.47 14.595 2 0 3 2
116318 79.82 15.65 2 0 3 2
116320 74.56 17.202 2 3 2 0
116320 66.43 18.62 2 3 2 0
116320 79.2 19.452 2 3 2 2
116320 80 20.619 2 3 2 2
116320 68.69 21.536 2 3 2 2
116320 77.53 22.535 2 3 2 2
116320 72.66 23.781 2 3 2 2
116320 66.88 24.761 2 3 2 2
116320 73.34 25.758 2 3 2 2
116347 75.77 9.771 2 0 2 0
116347 78.94 10.94 2 0 2 2
116347 77.96 12.107 2 0 2 2
116347 73.29 12.857 2 0 2 0
116347 74.42 13.856 2 0 2 2
116347 36.95 15.228 2 0 2 2
116347 82.54 16.49 2 0 2 2
116448 46.47 16.449 1 3 2 0
116448 62.39 16.862 1 3 2 0
116448 37.3 17.533 1 3 2 2
116448 40.27 19.447 1 3 2 2
116448 42.56 19.781 1 3 2 1
116448 33.32 20.619 1 3 2 2
116493 70.5 9.952 1 3 1 0
116493 68.35 10.784 1 3 1 0
116493 67.67 12.616 1 3 1 2
116493 85.9 13.202 1 3 1 2
116493 74.34 14.289 1 3 1 2
116493 62.49 15.576 1 3 1 2
116764 106.83 6.453 2 0 1 0
116764 120.58 7.532 2 0 1 0
116764 125.74 8.37 2 0 1 2
116764 102.21 9.369 2 0 1 2
116764 101.88 10.368 2 3 1 2
116764 98.14 11.455 2 0 1 2
116764 94.37 12.474 2 0 1 2
116764 105.08 14.084 2 0 1 2
116764 108.07 15.272 2 3 1 2
117021 63.18 16.876 2 3 1 0
117021 60.49 18.127 2 3 1 0
117021 74.8 19.127 2 3 1 2
117021 55.37 20.126 2 3 1 2
117021 52.96 20.378 2 3 1 2
117021 37.7 21.465 2 3 1 2
117021 28.04 22.932 2 3 1 2
117021 23.22 23.926 2 3 1 2
117023 79.6 14.19 2 0 1 0
117023 61.34 15.107 2 0 1 0
117023 58.76 15.94 2 0 1 2
117023 103.23 17.358 2 0 1 2
117023 70.15 17.777 2 0 1 2
117023 50.3 20.457 2 3 1 2
117023 60.58 21.3 2 0 1 2
117116 71.75 14.097 2 0 1 2
117116 70.64 15.348 2 3 1 2
117116 45.89 15.932 2 3 1 2
117116 55.05 18.042 2 3 1 2
117116 57.94 19.001 2 3 1 2
117116 45.11 19.611 2 3 1 2
117126 20.59 22.976 1 3 1 0
117126 21.13 24.227 1 3 1 0
117126 22.32 25.144 1 3 1 2
117126 20.56 25.974 1 3 1 1
117126 19.7 26.563 1 3 1 2
117126 21.97 27.48 1 3 1 2
117243 87.76 9.002 1 0 1 0
117243 98.66 9.834 1 3 1 0
117243 99.78 10.919 1 3 1 2
117243 95.59 11.918 1 3 1 2
117243 100.32 12.668 1 3 1 2
117243 113.77 14.001 1 3 1 2
117243 123.38 14.979 1 3 1 2
117243 114.36 15.573 1 3 1 2
117243 102.9 17.027 1 3 1 2
117249 62.01 12.925 1 3 1 0
117249 57.34 13.511 1 3 1 0
117249 54.62 14.757 1 3 1 2
117249 53.49 15.595 1 3 1 2
117249 54.86 16.509 1 3 1 2
117249 43.37 17.673 1 0 1 2
117249 25.95 18.48 1 3 1 2
117249 22.76 20.268 1 3 1 2
117249 24.15 21.325 1 3 1 2
117254 19.11 23.11 1 3 2 0
117254 19.65 23.863 1 3 2 0
117254 23.62 25.191 1 0 2 2
117254 19.52 25.947 1 0 2 2
117254 22.94 26.946 1 3 2 2
117254 27.82 29.681 1 3 2 2
117413 60.88 16.734 1 3 2 0
117413 73.25 17.812 1 3 2 0
117413 79.94 18.812 1 3 2 2
117413 81.77 19.811 1 3 2 2
117413 77.89 20.734 1 3 2 2
117413 78.45 21.812 1 3 2 2
117413 74.29 23.253 1 3 2 2
117413 64.57 24.29 1 3 2 2
117413 58.47 25.342 1 3 2 2
117521 85.41 7.08 2 0 2 0
117521 95.1 7.661 2 0 2 2
117521 86.06 9.079 2 3 2 2
117521 104.68 10.585 2 3 2 2
117521 90.42 12.205 2 0 2 2
117521 86.33 12.78 2 3 2 2
117521 73.23 13.541 2 3 2 2
117561 89.97 6.691 1 0 1 0
117561 67.72 8.194 1 0 1 1
117561 73.11 9.109 1 0 1 2
117561 52.97 10.524 1 0 1 2
117561 84.56 11.176 1 0 1 2
117561 39.56 12.75 1 0 1 2
117561 57.45 14.015 1 0 1 2
117590 102.08 11.28 1 3 1 0
117590 80.66 12.279 1 3 1 0
117590 93.24 13.53 1 3 1 2
117590 95.7 15.614 1 3 1 2
117590 91.16 16.531 1 0 1 2
117590 92.66 17.207 1 3 1 2
117590 82.5 18.678 1 3 1 2
117590 73.94 19.825 1 3 1 2
117609 46.26 11.181 1 3 1 0
117609 48.45 11.847 1 3 1 2
117609 40.61 12.433 1 3 1 2
117609 65.4 13.432 1 3 1 2
117609 57.8 16.211 1 3 1 2
117609 53.4 17.207 1 3 1 2
117609 51.56 18.36 1 3 1 2
117721 116.73 12.06 2 3 1 0
117721 119.36 13.144 2 0 1 0
117721 121.35 13.982 2 3 1 2
117721 122.43 14.897 2 3 1 2
117721 109.23 15.981 2 3 1 2
117721 112.51 16.983 2 3 1 2
117721 114.49 18.563 2 3 1 2
117721 74.1 20.663 2 3 1 2
117740 37.2 12.901 2 3 2 0
117740 45.07 13.396 2 3 2 0
117740 39.51 14.234 2 3 2 2
117740 31.11 15.233 2 3 2 1
117740 21.39 16.233 2 3 2 1
117740 20.83 17.235 2 3 2 2
117740 16.37 18.976 2 3 2 2
117740 22.74 19.532 2 3 2 2
117740 20.56 20.698 2 3 2 2
117881 107.76 6.188 1 0 1 2
117881 96.67 7.023 1 0 1 2
117881 101.8 7.945 1 0 1 2
117881 105.37 9.752 1 0 1 2
117881 108.02 10.768 1 0 1 2
117881 110.88 11.784 1 0 1 2
117997 102.98 9.432 1 3 2 2
117997 60.86 10.267 1 3 2 2
117997 104.82 11.105 1 3 2 2
117997 71.21 12.632 1 3 2 2
117997 52.17 13.823 1 3 2 2
117997 43.86 14.831 1 3 2 2
118049 86.9 14.735 2 0 1 0
118049 124.37 15.658 2 0 1 0
118049 126.94 16.657 2 0 1 2
118049 136.51 17.572 2 0 1 2
118049 113.41 18.902 2 0 1 2
118049 109.68 19.573 2 3 1 2
118049 123.58 21.038 2 0 1 2
118049 104.19 22.349 2 3 1 2
118049 106.74 23.493 2 3 1 2
118059 19.27 8.942 2 3 2 0
118059 85.48 9.774 2 3 2 0
118059 71.83 11.192 2 3 2 2
118059 54.03 13.279 2 3 2 2
118059 25.76 13.697 2 3 2 2
118059 33.12 15.023 2 3 2 2
118059 37.8 16.364 2 3 2 2
118059 27.22 17.342 2 3 2 2
118111 64.83 17.717 2 3 2 0
118111 70.67 18.88 2 3 2 0
118111 42.83 19.88 2 3 2 1
118111 59.56 21.046 2 3 2 2
118111 49.05 21.881 2 3 2 1
118111 52.42 22.804 2 3 2 1
118111 55.95 23.975 2 3 2 1
118111 48.82 25.377 2 3 2 1
118111 46.5 26.086 2 3 2 1
118213 136.97 12.323 1 3 3 0
118213 123.87 13.238 1 0 3 0
118213 101.24 13.903 1 3 3 2
118213 115.63 16.156 1 3 3 2
118213 116.55 17.155 1 3 3 2
118213 104.81 17.979 1 3 3 2
118213 118.79 19.091 1 3 3 2
118213 118.04 20.151 1 3 3 2
118227 111.19 7.682 1 0 1 0
118227 106.35 10.68 1 3 1 2
118227 109.3 12.682 1 0 1 2
118227 101.66 14.431 1 0 1 2
118227 97.43 15.255 1 3 1 2
118227 119.16 16.405 1 3 1 2
118352 97.09 10.146 1 3 1 0
118352 103.52 10.231 1 0 1 0
118352 107.76 11.231 1 0 1 2
118352 109.42 12.559 1 3 1 2
118352 105.09 13.478 1 0 1 2
118352 95.68 14.897 1 0 1 2
118352 85.64 16.06 1 0 1 2
118352 97.15 16.219 1 0 1 2
118352 99.31 17.848 1 3 1 2
118576 37 16.876 2 3 2 0
118576 36.44 17.632 2 3 2 0
118576 41.13 18.546 2 3 2 2
118576 33.93 19.546 2 3 2 2
118576 36.16 20.709 2 3 2 2
118576 35.57 21.547 2 3 2 2
118576 24.08 23.343 2 3 2 2
118645 50.2 11.975 2 3 1 0
118645 36.51 12.145 2 3 1 0
118645 29.07 13.144 2 3 1 2
118645 37.05 14.059 2 3 1 1
118645 55.62 15.058 2 3 1 2
118645 41.18 16.06 2 0 1 2
118645 21.25 17.818 2 0 1 2
118645 29.16 18.971 2 3 1 2
118645 41.61 19.77 2 0 1 2
118742 94.58 10.366 1 0 1 0
118742 76.1 12.528 1 0 1 2
118742 89.76 13.61 1 0 1 1
118742 65.82 14.281 1 0 1 2
118742 82.79 15.444 1 3 1 2
118742 93.64 17.079 1 3 1 2
118742 88.85 17.922 1 3 1 2
118742 102.3 18.702 1 0 1 2
118746 90.75 8.378 1 3 3 0
118746 94.91 10.461 1 0 3 2
118746 89.89 11.463 1 0 3 2
118746 88.32 12.712 1 0 3 2
118746 92.88 13.306 1 0 3 2
118746 94.89 14.782 1 0 3 2
118746 94.21 15.923 1 0 3 1
118860 100.6 7.762 1 0 2 0
118860 118.76 8.427 1 0 2 2
118860 115.8 10.012 1 0 2 2
118860 120.48 10.513 1 3 2 2
118860 87.54 11.428 1 3 2 2
118860 131.5 12.408 1 3 2 2
118860 109.16 13.525 1 3 2 2
118860 159.67 14.522 1 0 2 2
119028 96.48 12.482 2 3 1 0
119028 112.14 13.979 2 3 1 0
119028 111.03 14.56 2 3 1 2
119028 102.4 15.893 2 3 1 2
119028 98.96 16.561 2 3 1 2
119028 96.99 17.484 2 3 1 2
119028 89.66 19.348 2 3 1 2
119028 86.35 20.23 2 3 1 2
119028 91.95 21.303 2 3 1 2
